 20.000  21.000  22.000  22.500
1.000001e-03 19577 11816 6083 1633 39 
2.000001e-03 23213 13436 7447 2253 65 
3.000001e-03 25161 14145 8277 2645 76 
4.000001e-03 26697 14690 8931 2949 94 
5.000001e-03 27901 15067 9438 3242 114 
6.000001e-03 28890 15418 9823 3479 127 
7.000001e-03 29723 15670 10134 3742 133 
8.000001e-03 30435 15904 10411 3936 138 
9.000001e-03 30994 16047 10664 4092 145 
1.000000e-02 31488 16183 10832 4269 156 
1.100000e-02 31941 16298 11002 4422 168 
1.200000e-02 32351 16399 11180 4545 175 
1.300000e-02 32795 16496 11342 4719 179 
1.400000e-02 33189 16606 11477 4858 188 
1.500000e-02 33449 16654 11573 4966 194 
1.600000e-02 33809 16765 11675 5102 200 
1.700000e-02 34107 16847 11774 5210 206 
1.800000e-02 34355 16889 11856 5319 215 
1.900000e-02 34636 16950 11939 5436 229 
2.000000e-02 34911 16992 12046 5548 243 
2.100000e-02 35185 17037 12151 5659 251 
2.200000e-02 35375 17059 12210 5760 257 
2.300000e-02 35539 17095 12269 5819 266 
2.400000e-02 35760 17137 12354 5903 275 
2.500000e-02 35966 17180 12418 5995 278 
2.600000e-02 36170 17233 12486 6070 285 
2.700000e-02 36330 17258 12552 6134 290 
2.800000e-02 36481 17277 12600 6214 294 
2.900000e-02 36657 17305 12651 6300 304 
3.000000e-02 36787 17325 12702 6355 308 
3.100000e-02 36934 17350 12748 6423 315 
3.200000e-02 37097 17376 12795 6506 321 
3.300000e-02 37247 17391 12848 6577 329 
3.400000e-02 37381 17418 12882 6634 343 
3.500000e-02 37495 17431 12929 6686 343 
3.600000e-02 37622 17448 12983 6732 352 
3.700000e-02 37755 17469 13020 6802 357 
3.800000e-02 37906 17500 13046 6887 365 
3.900000e-02 38028 17519 13097 6929 373 
4.000000e-02 38151 17532 13131 6996 377 
4.100000e-02 38260 17542 13172 7051 380 
4.200000e-02 38400 17555 13236 7101 390 
4.300000e-02 38500 17582 13259 7147 393 
4.400000e-02 38600 17597 13303 7181 396 
4.500000e-02 38702 17621 13337 7218 403 
4.600000e-02 38799 17645 13352 7270 409 
4.700000e-02 38926 17658 13397 7336 411 
4.800000e-02 39005 17664 13429 7374 414 
4.900000e-02 39099 17674 13470 7411 420 
5.000000e-02 39175 17679 13489 7453 427 
5.100000e-02 39265 17700 13515 7486 435 
5.200000e-02 39344 17712 13537 7524 436 
5.300000e-02 39421 17720 13556 7567 439 
5.400000e-02 39501 17733 13572 7609 445 
5.500000e-02 39598 17761 13594 7651 447 
5.600000e-02 39664 17769 13615 7684 451 
5.700000e-02 39745 17779 13645 7718 457 
5.800000e-02 39807 17786 13664 7747 464 
5.900000e-02 39904 17801 13712 7773 471 
6.000000e-02 39958 17811 13738 7789 473 
6.100000e-02 40032 17830 13754 7824 477 
6.200000e-02 40102 17843 13767 7861 483 
6.300000e-02 40178 17854 13792 7894 488 
6.400000e-02 40256 17869 13814 7929 493 
6.500000e-02 40327 17878 13832 7966 500 
6.600000e-02 40395 17897 13847 7996 501 
6.700000e-02 40481 17902 13867 8049 509 
6.800000e-02 40551 17917 13892 8074 512 
6.900000e-02 40637 17936 13934 8097 514 
7.000000e-02 40701 17944 13953 8126 522 
7.100000e-02 40779 17953 13980 8160 529 
7.200000e-02 40847 17966 14002 8188 534 
7.300000e-02 40910 17976 14017 8219 540 
7.400000e-02 40968 17990 14030 8247 543 
7.500000e-02 41029 18001 14044 8279 547 
7.600000e-02 41096 18009 14064 8311 554 
7.700000e-02 41157 18023 14079 8336 561 
7.800000e-02 41201 18030 14095 8357 561 
7.900000e-02 41251 18038 14116 8376 563 
8.000000e-02 41305 18053 14128 8400 566 
8.100000e-02 41348 18057 14146 8418 569 
8.200000e-02 41411 18059 14178 8441 574 
8.300000e-02 41477 18068 14211 8458 578 
8.400000e-02 41565 18092 14239 8488 581 
8.500000e-02 41601 18093 14255 8502 585 
8.600000e-02 41663 18106 14272 8528 591 
8.700000e-02 41707 18109 14287 8550 595 
8.800000e-02 41757 18113 14297 8578 602 
8.900000e-02 41786 18115 14304 8595 605 
9.000000e-02 41842 18119 14317 8632 607 
9.100000e-02 41902 18122 14335 8658 615 
9.200000e-02 41978 18128 14377 8681 620 
9.300000e-02 42024 18140 14388 8700 624 
9.400000e-02 42076 18142 14405 8724 633 
9.500000e-02 42145 18147 14424 8763 637 
9.600000e-02 42184 18155 14433 8781 640 
9.700000e-02 42255 18160 14445 8825 649 
9.800000e-02 42295 18166 14456 8846 651 
9.900000e-02 42340 18169 14465 8873 653 
1.000000e-01 42384 18177 14473 8898 654 
1.010000e-01 42442 18186 14495 8920 659 
1.020000e-01 42475 18190 14507 8937 659 
1.030000e-01 42533 18199 14532 8959 660 
1.040000e-01 42602 18204 14549 9004 661 
1.050000e-01 42640 18204 14560 9027 665 
1.060000e-01 42680 18213 14568 9041 670 
1.070000e-01 42721 18216 14574 9071 671 
1.080000e-01 42751 18217 14583 9088 674 
1.090000e-01 42787 18221 14594 9106 676 
1.100000e-01 42827 18223 14601 9132 679 
1.110000e-01 42864 18227 14610 9153 681 
1.120000e-01 42901 18230 14621 9175 682 
1.130000e-01 42954 18230 14634 9209 688 
1.140000e-01 43005 18254 14644 9222 691 
1.150000e-01 43050 18262 14656 9245 691 
1.160000e-01 43103 18265 14675 9268 696 
1.170000e-01 43158 18280 14685 9291 699 
1.180000e-01 43199 18284 14689 9316 707 
1.190000e-01 43237 18289 14701 9336 708 
1.200000e-01 43257 18292 14704 9346 710 
1.210000e-01 43299 18294 14718 9366 715 
1.220000e-01 43337 18300 14724 9387 719 
1.230000e-01 43374 18303 14729 9414 720 
1.240000e-01 43413 18310 14740 9432 722 
1.250000e-01 43448 18315 14753 9448 722 
1.260000e-01 43476 18316 14760 9465 725 
1.270000e-01 43504 18317 14771 9475 728 
1.280000e-01 43554 18334 14781 9494 731 
1.290000e-01 43597 18340 14793 9518 732 
1.300000e-01 43635 18344 14803 9538 733 
1.310000e-01 43664 18348 14806 9557 735 
1.320000e-01 43698 18350 14823 9571 735 
1.330000e-01 43744 18353 14828 9603 741 
1.340000e-01 43768 18353 14831 9621 743 
1.350000e-01 43795 18357 14840 9629 749 
1.360000e-01 43844 18365 14851 9655 753 
1.370000e-01 43865 18366 14855 9670 754 
1.380000e-01 43912 18376 14862 9690 761 
1.390000e-01 43959 18382 14879 9707 768 
1.400000e-01 43998 18384 14891 9726 771 
1.410000e-01 44030 18390 14897 9741 775 
1.420000e-01 44049 18391 14903 9751 777 
1.430000e-01 44075 18395 14905 9768 779 
1.440000e-01 44090 18398 14907 9776 781 
1.450000e-01 44130 18398 14922 9796 786 
1.460000e-01 44149 18398 14928 9806 789 
1.470000e-01 44198 18405 14946 9829 790 
1.480000e-01 44233 18406 14960 9844 794 
1.490000e-01 44275 18407 14973 9865 797 
1.500000e-01 44319 18412 14977 9895 801 
1.510000e-01 44344 18413 14987 9908 802 
1.520000e-01 44373 18414 14994 9924 806 
1.530000e-01 44398 18414 15002 9936 811 
1.540000e-01 44425 18414 15004 9956 814 
1.550000e-01 44463 18419 15011 9977 819 
1.560000e-01 44504 18424 15015 10007 820 
1.570000e-01 44525 18424 15023 10019 821 
1.580000e-01 44562 18427 15033 10039 824 
1.590000e-01 44594 18429 15034 10065 826 
1.600000e-01 44629 18429 15044 10088 827 
1.610000e-01 44653 18430 15057 10094 830 
1.620000e-01 44677 18435 15060 10107 833 
1.630000e-01 44702 18437 15068 10119 835 
1.640000e-01 44729 18438 15072 10136 840 
1.650000e-01 44750 18443 15075 10144 845 
1.660000e-01 44794 18443 15092 10170 846 
1.670000e-01 44834 18453 15094 10197 847 
1.680000e-01 44861 18461 15096 10212 849 
1.690000e-01 44890 18471 15100 10224 851 
1.700000e-01 44932 18472 15116 10246 852 
1.710000e-01 44974 18479 15133 10262 853 
1.720000e-01 44998 18480 15134 10281 855 
1.730000e-01 45015 18480 15137 10291 858 
1.740000e-01 45035 18480 15141 10302 863 
1.750000e-01 45055 18480 15146 10314 866 
1.760000e-01 45082 18480 15149 10332 870 
1.770000e-01 45109 18481 15156 10347 873 
1.780000e-01 45139 18483 15158 10371 874 
1.790000e-01 45163 18489 15162 10383 876 
1.800000e-01 45186 18491 15166 10396 877 
1.810000e-01 45200 18491 15167 10408 878 
1.820000e-01 45222 18492 15177 10415 880 
1.830000e-01 45240 18493 15186 10419 882 
1.840000e-01 45261 18493 15187 10435 886 
1.850000e-01 45292 18496 15192 10452 891 
1.860000e-01 45311 18497 15194 10463 894 
1.870000e-01 45333 18497 15196 10478 896 
1.880000e-01 45372 18499 15203 10502 902 
1.890000e-01 45385 18501 15203 10507 908 
1.900000e-01 45409 18504 15207 10521 911 
1.910000e-01 45430 18504 15214 10533 913 
1.920000e-01 45446 18506 15218 10542 914 
1.930000e-01 45476 18506 15223 10556 925 
1.940000e-01 45494 18508 15223 10569 927 
1.950000e-01 45509 18509 15230 10576 927 
1.960000e-01 45529 18511 15231 10590 930 
1.970000e-01 45549 18514 15234 10602 932 
1.980000e-01 45592 18514 15236 10634 935 
1.990000e-01 45621 18522 15240 10649 937 
2.000000e-01 45664 18524 15255 10671 941 
2.010000e-01 45701 18526 15262 10693 945 
2.020000e-01 45723 18527 15267 10707 947 
2.030000e-01 45743 18531 15270 10715 951 
2.040000e-01 45777 18539 15271 10732 959 
2.050000e-01 45798 18540 15275 10745 962 
2.060000e-01 45826 18541 15281 10756 970 
2.070000e-01 45839 18541 15282 10764 973 
2.080000e-01 45858 18545 15283 10773 977 
2.090000e-01 45866 18546 15284 10777 979 
2.100000e-01 45879 18546 15289 10781 983 
2.110000e-01 45896 18547 15294 10789 986 
2.120000e-01 45917 18549 15295 10805 986 
2.130000e-01 45937 18549 15296 10819 990 
2.140000e-01 45959 18550 15297 10835 994 
2.150000e-01 45985 18551 15306 10844 1000 
2.160000e-01 45997 18552 15309 10850 1002 
2.170000e-01 46032 18555 15318 10870 1005 
2.180000e-01 46052 18555 15327 10879 1005 
2.190000e-01 46067 18556 15331 10886 1008 
2.200000e-01 46092 18556 15347 10891 1012 
2.210000e-01 46112 18562 15352 10899 1013 
2.220000e-01 46132 18562 15354 10913 1016 
2.230000e-01 46162 18566 15359 10932 1017 
2.240000e-01 46182 18568 15364 10943 1019 
2.250000e-01 46201 18570 15368 10955 1020 
2.260000e-01 46218 18571 15376 10961 1020 
2.270000e-01 46238 18574 15377 10974 1023 
2.280000e-01 46257 18574 15377 10992 1024 
2.290000e-01 46272 18574 15381 11001 1026 
2.300000e-01 46287 18574 15384 11010 1029 
2.310000e-01 46302 18574 15387 11016 1033 
2.320000e-01 46327 18577 15390 11029 1037 
2.330000e-01 46356 18582 15395 11047 1038 
2.340000e-01 46367 18582 15396 11055 1038 
2.350000e-01 46393 18582 15396 11067 1051 
2.360000e-01 46415 18592 15398 11077 1051 
2.370000e-01 46427 18592 15402 11081 1055 
2.380000e-01 46451 18597 15407 11090 1058 
2.390000e-01 46491 18613 15417 11102 1060 
2.400000e-01 46507 18617 15418 11110 1063 
2.410000e-01 46527 18621 15421 11121 1065 
2.420000e-01 46541 18621 15426 11130 1065 
2.430000e-01 46565 18623 15430 11145 1067 
2.440000e-01 46597 18623 15436 11169 1067 
2.450000e-01 46610 18623 15437 11180 1068 
2.460000e-01 46629 18623 15439 11193 1069 
2.470000e-01 46657 18623 15443 11208 1078 
2.480000e-01 46667 18623 15446 11213 1080 
2.490000e-01 46696 18627 15451 11230 1081 
2.500000e-01 46714 18633 15455 11235 1083 
2.510000e-01 46731 18635 15461 11240 1086 
2.520000e-01 46759 18636 15466 11256 1088 
2.530000e-01 46777 18637 15470 11263 1094 
2.540000e-01 46798 18640 15478 11269 1097 
2.550000e-01 46828 18642 15484 11282 1105 
2.560000e-01 46844 18643 15485 11295 1106 
2.570000e-01 46857 18643 15485 11307 1107 
2.580000e-01 46873 18643 15488 11318 1108 
2.590000e-01 46891 18643 15489 11333 1109 
2.600000e-01 46908 18648 15491 11339 1112 
2.610000e-01 46938 18651 15501 11351 1116 
2.620000e-01 46959 18656 15505 11358 1117 
2.630000e-01 46971 18658 15510 11362 1117 
2.640000e-01 46983 18658 15511 11370 1119 
2.650000e-01 47014 18661 15527 11376 1122 
2.660000e-01 47026 18661 15527 11387 1123 
2.670000e-01 47039 18663 15528 11393 1127 
2.680000e-01 47060 18664 15531 11407 1130 
2.690000e-01 47076 18664 15535 11419 1130 
2.700000e-01 47102 18665 15542 11429 1133 
2.710000e-01 47128 18669 15547 11443 1133 
2.720000e-01 47140 18669 15549 11451 1134 
2.730000e-01 47159 18669 15557 11460 1135 
2.740000e-01 47176 18669 15559 11474 1136 
2.750000e-01 47191 18671 15560 11486 1136 
2.760000e-01 47204 18671 15567 11491 1137 
2.770000e-01 47217 18671 15568 11499 1141 
2.780000e-01 47232 18671 15576 11505 1142 
2.790000e-01 47245 18671 15578 11513 1144 
2.800000e-01 47267 18674 15583 11523 1147 
2.810000e-01 47296 18677 15585 11539 1153 
2.820000e-01 47316 18677 15589 11552 1156 
2.830000e-01 47330 18677 15594 11561 1156 
2.840000e-01 47349 18682 15598 11567 1157 
2.850000e-01 47360 18683 15599 11574 1158 
2.860000e-01 47378 18687 15602 11579 1163 
2.870000e-01 47396 18690 15602 11593 1164 
2.880000e-01 47407 18693 15603 11599 1164 
2.890000e-01 47425 18698 15603 11610 1166 
2.900000e-01 47447 18698 15609 11619 1172 
2.910000e-01 47469 18698 15611 11632 1179 
2.920000e-01 47487 18698 15612 11643 1183 
2.930000e-01 47506 18698 15615 11655 1187 
2.940000e-01 47522 18701 15615 11663 1191 
2.950000e-01 47541 18704 15615 11674 1196 
2.960000e-01 47554 18704 15617 11682 1197 
2.970000e-01 47560 18705 15617 11685 1198 
2.980000e-01 47578 18706 15620 11694 1201 
2.990000e-01 47592 18706 15623 11704 1202 
3.000000e-01 47601 18706 15627 11709 1202 
3.010000e-01 47619 18709 15629 11721 1203 
3.020000e-01 47639 18711 15631 11730 1210 
3.030000e-01 47650 18716 15634 11733 1210 
3.040000e-01 47657 18716 15634 11736 1212 
3.050000e-01 47664 18717 15637 11738 1213 
3.060000e-01 47674 18717 15639 11744 1215 
3.070000e-01 47685 18718 15639 11753 1215 
3.080000e-01 47701 18718 15642 11762 1217 
3.090000e-01 47718 18718 15645 11773 1220 
3.100000e-01 47729 18719 15646 11779 1223 
3.110000e-01 47748 18719 15646 11796 1224 
3.120000e-01 47770 18721 15652 11803 1225 
3.130000e-01 47786 18721 15656 11814 1226 
3.140000e-01 47803 18721 15660 11822 1230 
3.150000e-01 47822 18721 15662 11835 1234 
3.160000e-01 47845 18722 15679 11839 1234 
3.170000e-01 47858 18722 15681 11848 1235 
3.180000e-01 47861 18722 15681 11850 1236 
3.190000e-01 47881 18722 15686 11855 1244 
3.200000e-01 47900 18722 15693 11866 1245 
3.210000e-01 47918 18724 15694 11879 1246 
3.220000e-01 47936 18730 15697 11882 1249 
3.230000e-01 47965 18731 15697 11892 1267 
3.240000e-01 47985 18732 15698 11906 1270 
3.250000e-01 48000 18732 15708 11910 1271 
3.260000e-01 48010 18732 15712 11914 1272 
3.270000e-01 48029 18732 15714 11926 1275 
3.280000e-01 48046 18732 15717 11935 1277 
3.290000e-01 48083 18733 15722 11963 1278 
3.300000e-01 48100 18733 15725 11973 1281 
3.310000e-01 48120 18735 15730 11984 1282 
3.320000e-01 48132 18735 15730 11990 1286 
3.330000e-01 48166 18735 15755 11997 1286 
3.340000e-01 48202 18737 15761 12023 1288 
3.350000e-01 48218 18741 15763 12032 1289 
3.360000e-01 48234 18745 15764 12039 1291 
3.370000e-01 48246 18748 15768 12042 1293 
3.380000e-01 48278 18748 15768 12052 1315 
3.390000e-01 48289 18749 15772 12057 1316 
3.400000e-01 48299 18749 15774 12061 1320 
3.410000e-01 48321 18749 15781 12074 1322 
3.420000e-01 48334 18751 15783 12079 1326 
3.430000e-01 48351 18755 15785 12086 1330 
3.440000e-01 48371 18757 15787 12101 1331 
3.450000e-01 48388 18757 15789 12111 1334 
3.460000e-01 48422 18758 15809 12120 1338 
3.470000e-01 48442 18758 15811 12134 1339 
3.480000e-01 48457 18759 15812 12146 1340 
3.490000e-01 48469 18759 15817 12150 1341 
3.500000e-01 48505 18765 15823 12168 1347 
3.510000e-01 48526 18767 15828 12182 1347 
3.520000e-01 48546 18770 15830 12190 1353 
3.530000e-01 48560 18770 15830 12200 1357 
3.540000e-01 48570 18771 15830 12208 1358 
3.550000e-01 48579 18771 15832 12215 1358 
3.560000e-01 48600 18771 15835 12227 1362 
3.570000e-01 48609 18772 15836 12233 1363 
3.580000e-01 48614 18772 15837 12235 1363 
3.590000e-01 48628 18772 15838 12245 1366 
3.600000e-01 48646 18772 15840 12254 1372 
3.610000e-01 48659 18772 15840 12266 1373 
3.620000e-01 48670 18772 15844 12273 1373 
3.630000e-01 48683 18774 15847 12279 1375 
3.640000e-01 48697 18774 15851 12284 1380 
3.650000e-01 48710 18774 15855 12292 1381 
3.660000e-01 48741 18774 15865 12305 1385 
3.670000e-01 48755 18775 15865 12312 1390 
3.680000e-01 48763 18775 15867 12314 1392 
3.690000e-01 48774 18776 15871 12319 1392 
3.700000e-01 48785 18779 15874 12323 1393 
3.710000e-01 48801 18779 15875 12335 1396 
3.720000e-01 48813 18779 15879 12340 1399 
3.730000e-01 48817 18779 15879 12344 1399 
3.740000e-01 48830 18780 15881 12350 1402 
3.750000e-01 48841 18780 15881 12359 1404 
3.760000e-01 48850 18780 15883 12365 1405 
3.770000e-01 48865 18780 15885 12377 1406 
3.780000e-01 48875 18782 15889 12379 1406 
3.790000e-01 48888 18782 15889 12387 1411 
3.800000e-01 48918 18782 15892 12409 1414 
3.810000e-01 48945 18797 15893 12419 1415 
3.820000e-01 48960 18797 15898 12423 1420 
3.830000e-01 48976 18799 15899 12436 1420 
3.840000e-01 48996 18799 15905 12446 1424 
3.850000e-01 49014 18800 15907 12458 1427 
3.860000e-01 49027 18800 15910 12467 1428 
3.870000e-01 49042 18801 15910 12475 1432 
3.880000e-01 49046 18802 15910 12478 1432 
3.890000e-01 49058 18802 15911 12486 1434 
3.900000e-01 49075 18803 15911 12496 1440 
3.910000e-01 49091 18803 15912 12502 1448 
3.920000e-01 49102 18805 15914 12507 1449 
3.930000e-01 49109 18807 15915 12509 1451 
3.940000e-01 49123 18809 15915 12514 1456 
3.950000e-01 49131 18810 15917 12517 1458 
3.960000e-01 49139 18810 15918 12522 1459 
3.970000e-01 49148 18811 15921 12526 1460 
3.980000e-01 49165 18811 15924 12536 1463 
3.990000e-01 49181 18811 15924 12548 1466 
4.000000e-01 49195 18811 15928 12557 1466 
4.010000e-01 49206 18812 15932 12560 1469 
4.020000e-01 49214 18813 15934 12562 1470 
4.030000e-01 49222 18813 15936 12566 1471 
4.040000e-01 49235 18815 15937 12574 1472 
4.050000e-01 49247 18815 15938 12581 1475 
4.060000e-01 49270 18817 15945 12592 1478 
4.070000e-01 49309 18818 15961 12604 1485 
4.080000e-01 49319 18818 15961 12613 1485 
4.090000e-01 49336 18819 15963 12621 1485 
4.100000e-01 49347 18822 15963 12627 1486 
4.110000e-01 49365 18822 15966 12639 1487 
4.120000e-01 49374 18822 15969 12645 1487 
4.130000e-01 49383 18822 15969 12650 1490 
4.140000e-01 49396 18822 15972 12659 1491 
4.150000e-01 49406 18822 15972 12667 1492 
4.160000e-01 49412 18822 15972 12670 1494 
4.170000e-01 49433 18822 15987 12673 1496 
4.180000e-01 49439 18823 15988 12674 1499 
4.190000e-01 49453 18823 15988 12684 1503 
4.200000e-01 49468 18825 15991 12687 1505 
4.210000e-01 49482 18829 15991 12692 1507 
4.220000e-01 49490 18829 15991 12698 1509 
4.230000e-01 49500 18831 15993 12701 1512 
4.240000e-01 49516 18831 15994 12713 1515 
4.250000e-01 49520 18832 15994 12716 1515 
4.260000e-01 49528 18832 15994 12720 1518 
4.270000e-01 49546 18832 15996 12734 1518 
4.280000e-01 49552 18832 15998 12738 1518 
4.290000e-01 49557 18833 15998 12740 1519 
4.300000e-01 49565 18834 15999 12743 1522 
4.310000e-01 49572 18835 15999 12747 1524 
4.320000e-01 49581 18835 15999 12755 1525 
4.330000e-01 49593 18837 15999 12761 1527 
4.340000e-01 49603 18837 16003 12763 1531 
4.350000e-01 49609 18838 16003 12765 1531 
4.360000e-01 49621 18840 16008 12768 1533 
4.370000e-01 49625 18841 16009 12768 1534 
4.380000e-01 49634 18841 16009 12775 1536 
4.390000e-01 49638 18841 16012 12776 1536 
4.400000e-01 49646 18841 16016 12777 1539 
4.410000e-01 49660 18841 16016 12783 1545 
4.420000e-01 49667 18841 16016 12790 1545 
4.430000e-01 49676 18842 16020 12794 1545 
4.440000e-01 49695 18843 16021 12806 1550 
4.450000e-01 49700 18843 16021 12807 1554 
4.460000e-01 49710 18845 16021 12815 1554 
4.470000e-01 49717 18845 16024 12818 1555 
4.480000e-01 49735 18846 16033 12823 1557 
4.490000e-01 49741 18846 16033 12826 1558 
4.500000e-01 49748 18846 16033 12832 1559 
4.510000e-01 49758 18846 16033 12834 1567 
4.520000e-01 49765 18847 16035 12836 1569 
4.530000e-01 49771 18847 16037 12838 1569 
4.540000e-01 49782 18850 16037 12845 1570 
4.550000e-01 49790 18850 16039 12847 1574 
4.560000e-01 49799 18850 16042 12850 1576 
4.570000e-01 49811 18852 16044 12855 1579 
4.580000e-01 49825 18853 16046 12860 1580 
4.590000e-01 49830 18853 16046 12863 1581 
4.600000e-01 49834 18853 16046 12865 1583 
4.610000e-01 49842 18853 16046 12870 1585 
4.620000e-01 49855 18854 16047 12876 1590 
4.630000e-01 49857 18855 16047 12876 1590 
4.640000e-01 49872 18856 16050 12878 1599 
4.650000e-01 49880 18856 16051 12882 1602 
4.660000e-01 49894 18858 16053 12890 1604 
4.670000e-01 49899 18858 16054 12894 1604 
4.680000e-01 49907 18858 16054 12898 1605 
4.690000e-01 49921 18861 16057 12906 1605 
4.700000e-01 49933 18862 16064 12907 1608 
4.710000e-01 49944 18862 16065 12916 1609 
4.720000e-01 49957 18863 16067 12924 1609 
4.730000e-01 49973 18870 16070 12925 1611 
4.740000e-01 49982 18870 16070 12929 1616 
4.750000e-01 49989 18871 16071 12932 1617 
4.760000e-01 49996 18871 16071 12935 1621 
4.770000e-01 50014 18872 16077 12939 1626 
4.780000e-01 50025 18872 16077 12942 1634 
4.790000e-01 50033 18873 16077 12945 1635 
4.800000e-01 50033 18873 16077 12945 1635 
4.810000e-01 50038 18874 16078 12947 1636 
4.820000e-01 50047 18875 16080 12953 1636 
4.830000e-01 50052 18876 16080 12955 1638 
4.840000e-01 50061 18877 16081 12958 1642 
4.850000e-01 50068 18878 16083 12962 1642 
4.860000e-01 50077 18878 16085 12969 1642 
4.870000e-01 50088 18878 16089 12973 1645 
4.880000e-01 50095 18878 16090 12978 1646 
4.890000e-01 50104 18879 16092 12983 1647 
4.900000e-01 50114 18880 16096 12987 1648 
4.910000e-01 50121 18880 16096 12990 1650 
4.920000e-01 50126 18880 16096 12992 1652 
4.930000e-01 50139 18880 16101 12998 1654 
4.940000e-01 50148 18880 16101 13001 1660 
4.950000e-01 50159 18881 16103 13006 1663 
4.960000e-01 50168 18881 16105 13009 1666 
4.970000e-01 50173 18882 16105 13011 1667 
4.980000e-01 50189 18882 16110 13018 1671 
4.990000e-01 50192 18882 16111 13020 1671 
5.000000e-01 50204 18885 16114 13023 1674 
5.010000e-01 50210 18887 16114 13025 1674 
5.020000e-01 50222 18887 16118 13029 1676 
5.030000e-01 50227 18887 16119 13033 1676 
5.040000e-01 50231 18888 16119 13035 1676 
5.050000e-01 50239 18888 16122 13038 1677 
5.060000e-01 50243 18890 16122 13038 1678 
5.070000e-01 50253 18891 16122 13042 1679 
5.080000e-01 50260 18894 16124 13042 1681 
5.090000e-01 50271 18894 16129 13048 1681 
5.100000e-01 50282 18895 16130 13054 1683 
5.110000e-01 50286 18895 16131 13056 1684 
5.120000e-01 50293 18895 16131 13062 1685 
5.130000e-01 50299 18895 16133 13064 1687 
5.140000e-01 50305 18895 16133 13067 1689 
5.150000e-01 50312 18896 16134 13068 1691 
5.160000e-01 50321 18896 16135 13074 1693 
5.170000e-01 50333 18901 16136 13080 1693 
5.180000e-01 50340 18906 16136 13082 1693 
5.190000e-01 50353 18906 16141 13088 1694 
5.200000e-01 50363 18909 16141 13093 1695 
5.210000e-01 50378 18909 16147 13099 1695 
5.220000e-01 50380 18910 16147 13099 1696 
5.230000e-01 50389 18911 16147 13105 1697 
5.240000e-01 50395 18912 16147 13108 1698 
5.250000e-01 50411 18912 16151 13115 1702 
5.260000e-01 50418 18912 16152 13121 1702 
5.270000e-01 50424 18912 16152 13126 1703 
5.280000e-01 50432 18912 16154 13129 1706 
5.290000e-01 50445 18912 16155 13135 1710 
5.300000e-01 50448 18913 16155 13137 1710 
5.310000e-01 50454 18913 16155 13140 1713 
5.320000e-01 50459 18913 16157 13141 1715 
5.330000e-01 50464 18913 16157 13144 1717 
5.340000e-01 50479 18913 16161 13151 1720 
5.350000e-01 50484 18913 16162 13151 1724 
5.360000e-01 50490 18914 16162 13154 1725 
5.370000e-01 50498 18915 16163 13159 1725 
5.380000e-01 50510 18916 16169 13163 1726 
5.390000e-01 50517 18916 16169 13168 1728 
5.400000e-01 50526 18916 16171 13172 1730 
5.410000e-01 50537 18916 16172 13182 1730 
5.420000e-01 50546 18916 16173 13189 1730 
5.430000e-01 50560 18916 16175 13199 1732 
5.440000e-01 50565 18916 16175 13201 1734 
5.450000e-01 50570 18917 16175 13202 1736 
5.460000e-01 50580 18917 16175 13209 1737 
5.470000e-01 50589 18917 16175 13213 1742 
5.480000e-01 50593 18917 16175 13215 1743 
5.490000e-01 50607 18917 16179 13219 1748 
5.500000e-01 50618 18917 16180 13228 1749 
5.510000e-01 50630 18917 16182 13232 1754 
5.520000e-01 50638 18917 16183 13239 1754 
5.530000e-01 50641 18917 16183 13240 1756 
5.540000e-01 50650 18917 16184 13243 1759 
5.550000e-01 50662 18917 16186 13249 1760 
5.560000e-01 50672 18917 16187 13256 1762 
5.570000e-01 50680 18922 16187 13258 1763 
5.580000e-01 50693 18922 16190 13261 1765 
5.590000e-01 50701 18922 16190 13265 1769 
5.600000e-01 50712 18923 16190 13271 1769 
5.610000e-01 50720 18925 16190 13276 1770 
5.620000e-01 50730 18925 16194 13279 1772 
5.630000e-01 50739 18930 16194 13282 1773 
5.640000e-01 50748 18930 16197 13284 1775 
5.650000e-01 50755 18930 16198 13288 1776 
5.660000e-01 50757 18930 16198 13289 1777 
5.670000e-01 50766 18930 16198 13297 1777 
5.680000e-01 50772 18933 16198 13300 1777 
5.690000e-01 50783 18935 16202 13300 1782 
5.700000e-01 50788 18936 16202 13301 1784 
5.710000e-01 50798 18937 16202 13309 1785 
5.720000e-01 50802 18937 16204 13310 1786 
5.730000e-01 50809 18937 16204 13315 1786 
5.740000e-01 50810 18937 16204 13316 1786 
5.750000e-01 50819 18938 16207 13318 1787 
5.760000e-01 50830 18938 16212 13318 1792 
5.770000e-01 50844 18938 16214 13323 1799 
5.780000e-01 50855 18939 16218 13327 1801 
5.790000e-01 50857 18939 16218 13329 1801 
5.800000e-01 50870 18939 16223 13332 1802 
5.810000e-01 50874 18939 16223 13334 1804 
5.820000e-01 50880 18939 16228 13335 1804 
5.830000e-01 50885 18940 16229 13336 1805 
5.840000e-01 50890 18940 16229 13337 1808 
5.850000e-01 50897 18940 16232 13340 1809 
5.860000e-01 50908 18941 16236 13340 1814 
5.870000e-01 50914 18941 16239 13342 1815 
5.880000e-01 50918 18941 16239 13345 1816 
5.890000e-01 50920 18941 16239 13346 1817 
5.900000e-01 50925 18941 16239 13348 1818 
5.910000e-01 50941 18941 16244 13354 1820 
5.920000e-01 50946 18941 16244 13357 1822 
5.930000e-01 50954 18941 16244 13358 1829 
5.940000e-01 50959 18941 16244 13361 1830 
5.950000e-01 50965 18941 16244 13364 1833 
5.960000e-01 50974 18942 16245 13367 1837 
5.970000e-01 50980 18942 16246 13371 1838 
5.980000e-01 50987 18945 16246 13375 1838 
5.990000e-01 50992 18945 16246 13378 1839 
6.000000e-01 51004 18950 16249 13379 1840 
6.010000e-01 51013 18951 16255 13381 1840 
6.020000e-01 51017 18951 16255 13385 1840 
6.030000e-01 51025 18954 16257 13386 1842 
6.040000e-01 51042 18962 16258 13388 1847 
6.050000e-01 51047 18962 16258 13393 1847 
6.060000e-01 51051 18962 16258 13397 1847 
6.070000e-01 51058 18962 16263 13397 1848 
6.080000e-01 51063 18962 16263 13401 1849 
6.090000e-01 51069 18962 16268 13402 1849 
6.100000e-01 51075 18962 16269 13405 1850 
6.110000e-01 51076 18963 16269 13405 1850 
6.120000e-01 51083 18964 16269 13411 1850 
6.130000e-01 51091 18964 16270 13412 1856 
6.140000e-01 51097 18964 16270 13414 1860 
6.150000e-01 51101 18964 16272 13415 1860 
6.160000e-01 51113 18964 16273 13424 1861 
6.170000e-01 51116 18964 16275 13425 1861 
6.180000e-01 51120 18964 16277 13425 1862 
6.190000e-01 51121 18964 16278 13425 1862 
6.200000e-01 51128 18964 16281 13428 1863 
6.210000e-01 51132 18965 16281 13431 1863 
6.220000e-01 51141 18966 16283 13437 1863 
6.230000e-01 51145 18966 16283 13437 1863 
6.240000e-01 51151 18966 16284 13441 1864 
6.250000e-01 51156 18966 16284 13445 1865 
6.260000e-01 51160 18967 16286 13445 1866 
6.270000e-01 51179 18967 16300 13450 1866 
6.280000e-01 51182 18967 16300 13451 1868 
6.290000e-01 51189 18967 16300 13455 1871 
6.300000e-01 51195 18967 16300 13458 1873 
6.310000e-01 51196 18967 16300 13458 1874 
6.320000e-01 51199 18967 16300 13460 1874 
6.330000e-01 51206 18967 16305 13462 1874 
6.340000e-01 51214 18967 16305 13469 1874 
6.350000e-01 51215 18967 16305 13469 1875 
6.360000e-01 51218 18967 16306 13471 1875 
6.370000e-01 51226 18967 16308 13476 1876 
6.380000e-01 51233 18967 16309 13476 1882 
6.390000e-01 51244 18967 16310 13482 1886 
6.400000e-01 51254 18968 16310 13489 1886 
6.410000e-01 51257 18968 16310 13491 1886 
6.420000e-01 51264 18969 16310 13495 1887 
6.430000e-01 51266 18971 16310 13495 1887 
6.440000e-01 51270 18971 16310 13499 1887 
6.450000e-01 51273 18971 16310 13502 1887 
6.460000e-01 51277 18971 16312 13503 1888 
6.470000e-01 51281 18971 16315 13504 1888 
6.480000e-01 51283 18971 16315 13505 1889 
6.490000e-01 51289 18971 16318 13506 1889 
6.500000e-01 51292 18972 16319 13507 1889 
6.510000e-01 51294 18972 16319 13507 1890 
6.520000e-01 51294 18972 16319 13507 1890 
6.530000e-01 51303 18972 16319 13514 1892 
6.540000e-01 51308 18972 16320 13517 1893 
6.550000e-01 51315 18972 16320 13520 1896 
6.560000e-01 51318 18973 16321 13520 1896 
6.570000e-01 51320 18973 16322 13521 1896 
6.580000e-01 51322 18974 16322 13522 1896 
6.590000e-01 51332 18974 16328 13525 1897 
6.600000e-01 51344 18976 16329 13530 1899 
6.610000e-01 51348 18976 16329 13534 1899 
6.620000e-01 51354 18978 16329 13537 1900 
6.630000e-01 51359 18978 16330 13540 1901 
6.640000e-01 51362 18978 16330 13541 1903 
6.650000e-01 51369 18978 16330 13542 1909 
6.660000e-01 51372 18978 16330 13543 1911 
6.670000e-01 51375 18978 16330 13543 1914 
6.680000e-01 51375 18978 16330 13543 1914 
6.690000e-01 51382 18978 16331 13548 1914 
6.700000e-01 51395 18978 16338 13553 1914 
6.710000e-01 51396 18978 16338 13553 1914 
6.720000e-01 51396 18978 16338 13553 1914 
6.730000e-01 51404 18978 16338 13555 1914 
6.740000e-01 51406 18978 16338 13557 1914 
6.750000e-01 51413 18978 16338 13560 1917 
6.760000e-01 51416 18979 16339 13561 1917 
6.770000e-01 51418 18979 16339 13562 1918 
6.780000e-01 51424 18979 16341 13563 1921 
6.790000e-01 51426 18979 16341 13565 1921 
6.800000e-01 51434 18983 16341 13566 1922 
6.810000e-01 51434 18983 16341 13566 1922 
6.820000e-01 51437 18983 16341 13568 1922 
6.830000e-01 51450 18983 16344 13574 1926 
6.840000e-01 51452 18983 16344 13574 1928 
6.850000e-01 51457 18983 16345 13578 1928 
6.860000e-01 51462 18983 16346 13581 1928 
6.870000e-01 51470 18984 16347 13584 1930 
6.880000e-01 51473 18984 16347 13586 1930 
6.890000e-01 51481 18986 16348 13590 1931 
6.900000e-01 51495 18991 16349 13597 1931 
6.910000e-01 51498 18991 16349 13600 1931 
6.920000e-01 51502 18991 16350 13600 1934 
6.930000e-01 51504 18991 16350 13602 1934 
6.940000e-01 51504 18991 16350 13602 1934 
6.950000e-01 51510 18991 16354 13604 1934 
6.960000e-01 51512 18991 16354 13605 1935 
6.970000e-01 51516 18991 16357 13605 1935 
6.980000e-01 51522 18991 16359 13607 1935 
6.990000e-01 51526 18991 16359 13610 1936 
7.000000e-01 51530 18991 16360 13612 1937 
7.010000e-01 51535 18991 16362 13613 1937 
7.020000e-01 51541 18991 16362 13615 1937 
7.030000e-01 51543 18991 16362 13616 1938 
7.040000e-01 51547 18991 16364 13616 1940 
7.050000e-01 51552 18992 16364 13619 1941 
7.060000e-01 51553 18992 16364 13619 1942 
7.070000e-01 51557 18992 16364 13620 1942 
7.080000e-01 51564 18992 16365 13624 1944 
7.090000e-01 51569 18992 16366 13628 1944 
7.100000e-01 51573 18995 16366 13628 1945 
7.110000e-01 51583 18995 16367 13636 1946 
7.120000e-01 51588 18998 16367 13638 1946 
7.130000e-01 51597 18998 16368 13646 1946 
7.140000e-01 51606 19000 16369 13649 1949 
7.150000e-01 51627 19020 16369 13650 1949 
7.160000e-01 51632 19021 16370 13650 1952 
7.170000e-01 51633 19021 16370 13650 1952 
7.180000e-01 51640 19024 16370 13652 1953 
7.190000e-01 51645 19024 16371 13655 1954 
7.200000e-01 51647 19025 16371 13656 1954 
7.210000e-01 51650 19025 16371 13658 1955 
7.220000e-01 51654 19025 16371 13660 1957 
7.230000e-01 51659 19025 16373 13663 1957 
7.240000e-01 51676 19025 16387 13665 1957 
7.250000e-01 51680 19025 16387 13667 1957 
7.260000e-01 51683 19025 16388 13669 1957 
7.270000e-01 51684 19025 16388 13669 1957 
7.280000e-01 51686 19025 16388 13670 1957 
7.290000e-01 51687 19025 16388 13671 1957 
7.300000e-01 51693 19025 16388 13673 1957 
7.310000e-01 51697 19025 16389 13675 1958 
7.320000e-01 51698 19025 16389 13675 1959 
7.330000e-01 51701 19025 16390 13676 1959 
7.340000e-01 51705 19025 16391 13678 1960 
7.350000e-01 51708 19026 16392 13678 1961 
7.360000e-01 51712 19027 16393 13680 1961 
7.370000e-01 51717 19027 16393 13684 1962 
7.380000e-01 51722 19027 16393 13689 1962 
7.390000e-01 51730 19029 16395 13691 1963 
7.400000e-01 51736 19029 16396 13693 1965 
7.410000e-01 51738 19029 16397 13694 1965 
7.420000e-01 51744 19029 16398 13698 1965 
7.430000e-01 51751 19032 16400 13699 1966 
7.440000e-01 51751 19032 16400 13699 1966 
7.450000e-01 51753 19032 16400 13700 1967 
7.460000e-01 51755 19032 16400 13700 1968 
7.470000e-01 51758 19032 16400 13700 1971 
7.480000e-01 51768 19033 16400 13701 1974 
7.490000e-01 51772 19033 16403 13701 1975 
7.500000e-01 51776 19033 16403 13705 1975 
7.510000e-01 51780 19033 16403 13706 1978 
7.520000e-01 51783 19033 16404 13707 1978 
7.530000e-01 51789 19034 16406 13709 1979 
7.540000e-01 51795 19034 16412 13709 1979 
7.550000e-01 51799 19034 16412 13711 1981 
7.560000e-01 51802 19034 16412 13712 1983 
7.570000e-01 51803 19034 16412 13713 1983 
7.580000e-01 51808 19035 16414 13714 1983 
7.590000e-01 51809 19035 16415 13714 1983 
7.600000e-01 51811 19035 16415 13714 1983 
7.610000e-01 51814 19035 16415 13715 1983 
7.620000e-01 51820 19035 16416 13715 1987 
7.630000e-01 51831 19035 16416 13716 1987 
7.640000e-01 51835 19035 16416 13720 1987 
7.650000e-01 51840 19035 16417 13722 1988 
7.660000e-01 51840 19035 16417 13722 1988 
7.670000e-01 51845 19035 16420 13723 1989 
7.680000e-01 51846 19035 16420 13724 1989 
7.690000e-01 51846 19035 16420 13724 1989 
7.700000e-01 51848 19036 16420 13725 1989 
7.710000e-01 51853 19036 16420 13728 1990 
7.720000e-01 51860 19037 16422 13731 1991 
7.730000e-01 51864 19038 16422 13732 1993 
7.740000e-01 51865 19038 16422 13733 1993 
7.750000e-01 51870 19038 16422 13736 1995 
7.760000e-01 51874 19039 16422 13739 1995 
7.770000e-01 51875 19039 16423 13739 1995 
7.780000e-01 51878 19039 16423 13739 1996 
7.790000e-01 51886 19039 16423 13747 1996 
7.800000e-01 51889 19039 16423 13748 1997 
7.810000e-01 51891 19040 16424 13748 1997 
7.820000e-01 51894 19040 16424 13748 2000 
7.830000e-01 51897 19040 16424 13750 2001 
7.840000e-01 51898 19041 16424 13750 2001 
7.850000e-01 51898 19041 16424 13750 2001 
7.860000e-01 51904 19042 16427 13751 2002 
7.870000e-01 51910 19042 16429 13755 2002 
7.880000e-01 51916 19043 16432 13757 2002 
7.890000e-01 51921 19045 16432 13759 2003 
7.900000e-01 51925 19046 16434 13759 2004 
7.910000e-01 51928 19046 16434 13759 2005 
7.920000e-01 51930 19047 16434 13759 2005 
7.930000e-01 51933 19047 16434 13762 2005 
7.940000e-01 51938 19049 16436 13762 2006 
7.950000e-01 51938 19049 16436 13762 2006 
7.960000e-01 51942 19050 16436 13763 2006 
7.970000e-01 51949 19050 16437 13764 2011 
7.980000e-01 51959 19050 16445 13764 2013 
7.990000e-01 51961 19052 16445 13764 2013 
8.000000e-01 51973 19052 16449 13772 2013 
8.010000e-01 51980 19052 16450 13773 2013 
8.020000e-01 51981 19053 16450 13773 2013 
8.030000e-01 51988 19053 16454 13776 2013 
8.040000e-01 51994 19055 16454 13780 2013 
8.050000e-01 51996 19055 16454 13782 2013 
8.060000e-01 51997 19055 16455 13782 2013 
8.070000e-01 51999 19055 16455 13784 2013 
8.080000e-01 51999 19055 16455 13784 2013 
8.090000e-01 52005 19056 16455 13787 2014 
8.100000e-01 52007 19057 16456 13787 2014 
8.110000e-01 52011 19060 16456 13787 2014 
8.120000e-01 52014 19061 16456 13787 2016 
8.130000e-01 52016 19061 16457 13788 2016 
8.140000e-01 52018 19062 16457 13789 2016 
8.150000e-01 52019 19062 16457 13790 2016 
8.160000e-01 52020 19062 16457 13791 2016 
8.170000e-01 52023 19062 16457 13794 2016 
8.180000e-01 52024 19062 16457 13794 2016 
8.190000e-01 52024 19062 16457 13794 2016 
8.200000e-01 52025 19062 16457 13794 2017 
8.210000e-01 52027 19063 16457 13795 2017 
8.220000e-01 52029 19064 16458 13795 2017 
8.230000e-01 52034 19065 16459 13795 2018 
8.240000e-01 52036 19065 16459 13797 2018 
8.250000e-01 52038 19065 16460 13798 2018 
8.260000e-01 52040 19065 16461 13798 2019 
8.270000e-01 52043 19065 16463 13799 2019 
8.280000e-01 52043 19065 16463 13799 2019 
8.290000e-01 52045 19065 16463 13800 2020 
8.300000e-01 52046 19065 16464 13800 2020 
8.310000e-01 52052 19067 16466 13801 2021 
8.320000e-01 52053 19067 16466 13802 2021 
8.330000e-01 52055 19067 16466 13803 2021 
8.340000e-01 52057 19067 16466 13804 2022 
8.350000e-01 52059 19068 16467 13804 2022 
8.360000e-01 52060 19068 16467 13805 2022 
8.370000e-01 52062 19069 16467 13806 2022 
8.380000e-01 52066 19071 16467 13807 2022 
8.390000e-01 52069 19072 16467 13808 2023 
8.400000e-01 52071 19072 16467 13810 2023 
8.410000e-01 52074 19074 16467 13810 2024 
8.420000e-01 52075 19074 16467 13810 2025 
8.430000e-01 52076 19074 16467 13810 2025 
8.440000e-01 52077 19074 16467 13810 2026 
8.450000e-01 52079 19074 16467 13811 2027 
8.460000e-01 52081 19074 16468 13811 2028 
8.470000e-01 52084 19074 16469 13813 2028 
8.480000e-01 52089 19074 16471 13815 2029 
8.490000e-01 52092 19075 16471 13815 2030 
8.500000e-01 52095 19076 16471 13815 2031 
8.510000e-01 52095 19076 16471 13815 2031 
8.520000e-01 52096 19076 16471 13816 2031 
8.530000e-01 52099 19077 16472 13817 2031 
8.540000e-01 52100 19078 16472 13817 2031 
8.550000e-01 52100 19078 16472 13817 2031 
8.560000e-01 52103 19078 16473 13817 2033 
8.570000e-01 52104 19079 16473 13817 2033 
8.580000e-01 52104 19079 16473 13817 2033 
8.590000e-01 52106 19079 16474 13818 2033 
8.600000e-01 52108 19081 16474 13818 2033 
8.610000e-01 52109 19081 16474 13818 2034 
8.620000e-01 52111 19081 16474 13820 2034 
8.630000e-01 52113 19081 16475 13821 2034 
8.640000e-01 52116 19081 16475 13824 2034 
8.650000e-01 52121 19081 16476 13828 2034 
8.660000e-01 52123 19081 16476 13829 2034 
8.670000e-01 52124 19081 16476 13830 2034 
8.680000e-01 52127 19083 16476 13830 2035 
8.690000e-01 52132 19085 16478 13830 2036 
8.700000e-01 52136 19085 16482 13830 2036 
8.710000e-01 52138 19085 16482 13831 2036 
8.720000e-01 52139 19085 16482 13831 2037 
8.730000e-01 52139 19085 16482 13831 2037 
8.740000e-01 52143 19087 16482 13831 2038 
8.750000e-01 52145 19088 16482 13832 2038 
8.760000e-01 52146 19088 16482 13832 2038 
8.770000e-01 52148 19088 16482 13833 2039 
8.780000e-01 52153 19089 16486 13833 2039 
8.790000e-01 52161 19091 16489 13834 2041 
8.800000e-01 52161 19091 16489 13834 2041 
8.810000e-01 52162 19092 16489 13834 2041 
8.820000e-01 52165 19094 16489 13835 2041 
8.830000e-01 52170 19096 16490 13836 2042 
8.840000e-01 52172 19096 16490 13837 2043 
8.850000e-01 52177 19096 16492 13838 2043 
8.860000e-01 52180 19096 16493 13840 2043 
8.870000e-01 52186 19096 16495 13841 2045 
8.880000e-01 52189 19097 16495 13842 2046 
8.890000e-01 52190 19097 16496 13842 2046 
8.900000e-01 52192 19097 16496 13844 2046 
8.910000e-01 52195 19099 16496 13845 2046 
8.920000e-01 52196 19099 16496 13846 2046 
8.930000e-01 52201 19100 16497 13848 2047 
8.940000e-01 52203 19100 16497 13849 2048 
8.950000e-01 52206 19100 16497 13850 2050 
8.960000e-01 52208 19101 16497 13851 2050 
8.970000e-01 52212 19102 16499 13852 2050 
8.980000e-01 52214 19103 16499 13853 2050 
8.990000e-01 52215 19103 16499 13853 2050 
9.000000e-01 52216 19104 16499 13853 2050 
9.010000e-01 52218 19104 16499 13853 2050 
9.020000e-01 52224 19104 16499 13858 2051 
9.030000e-01 52227 19104 16499 13860 2052 
9.040000e-01 52228 19104 16499 13860 2052 
9.050000e-01 52230 19104 16500 13861 2052 
9.060000e-01 52232 19104 16501 13861 2052 
9.070000e-01 52236 19104 16504 13861 2052 
9.080000e-01 52260 19122 16504 13865 2054 
9.090000e-01 52262 19123 16504 13865 2054 
9.100000e-01 52264 19123 16506 13865 2054 
9.110000e-01 52265 19123 16506 13866 2054 
9.120000e-01 52265 19123 16506 13866 2054 
9.130000e-01 52267 19124 16506 13866 2054 
9.140000e-01 52276 19125 16506 13874 2054 
9.150000e-01 52277 19125 16507 13874 2054 
9.160000e-01 52280 19125 16509 13875 2054 
9.170000e-01 52282 19126 16509 13875 2054 
9.180000e-01 52285 19126 16509 13875 2055 
9.190000e-01 52285 19126 16509 13875 2055 
9.200000e-01 52290 19127 16509 13878 2056 
9.210000e-01 52305 19127 16509 13878 2056 
9.220000e-01 52311 19129 16509 13882 2056 
9.230000e-01 52314 19129 16509 13884 2057 
9.240000e-01 52316 19130 16509 13884 2058 
9.250000e-01 52317 19130 16509 13885 2058 
9.260000e-01 52321 19132 16509 13886 2059 
9.270000e-01 52325 19133 16509 13888 2060 
9.280000e-01 52328 19133 16510 13889 2061 
9.290000e-01 52329 19134 16510 13889 2061 
9.300000e-01 52331 19134 16510 13890 2062 
9.310000e-01 52332 19134 16510 13890 2063 
9.320000e-01 52335 19135 16510 13890 2063 
9.330000e-01 52337 19135 16510 13892 2063 
9.340000e-01 52340 19135 16511 13892 2063 
9.350000e-01 52342 19136 16511 13893 2063 
9.360000e-01 52344 19136 16511 13894 2063 
9.370000e-01 52345 19137 16511 13894 2063 
9.380000e-01 52346 19137 16511 13895 2063 
9.390000e-01 52347 19138 16511 13895 2063 
9.400000e-01 52352 19139 16514 13896 2063 
9.410000e-01 52354 19139 16515 13896 2063 
9.420000e-01 52360 19142 16515 13899 2063 
9.430000e-01 52366 19143 16516 13900 2064 
9.440000e-01 52369 19145 16516 13900 2065 
9.450000e-01 52371 19145 16517 13901 2065 
9.460000e-01 52372 19145 16517 13902 2065 
9.470000e-01 52375 19145 16518 13903 2065 
9.480000e-01 52377 19145 16520 13903 2065 
9.490000e-01 52379 19145 16521 13904 2065 
9.500000e-01 52381 19145 16521 13906 2065 
9.510000e-01 52384 19146 16521 13908 2065 
9.520000e-01 52388 19147 16521 13910 2065 
9.530000e-01 52390 19147 16521 13911 2066 
9.540000e-01 52397 19148 16522 13913 2069 
9.550000e-01 52401 19149 16524 13913 2069 
9.560000e-01 52405 19150 16525 13915 2069 
9.570000e-01 52407 19150 16525 13916 2069 
9.580000e-01 52408 19151 16525 13916 2069 
9.590000e-01 52411 19151 16525 13919 2069 
9.600000e-01 52411 19151 16525 13919 2069 
9.610000e-01 52413 19151 16526 13920 2069 
9.620000e-01 52413 19151 16526 13920 2069 
9.630000e-01 52415 19152 16526 13921 2069 
9.640000e-01 52416 19152 16526 13921 2070 
9.650000e-01 52416 19152 16526 13921 2070 
9.660000e-01 52417 19152 16526 13921 2071 
9.670000e-01 52420 19155 16526 13921 2071 
9.680000e-01 52421 19156 16526 13921 2071 
9.690000e-01 52421 19156 16526 13921 2071 
9.700000e-01 52425 19156 16528 13921 2073 
9.710000e-01 52426 19156 16528 13922 2073 
9.720000e-01 52431 19158 16529 13922 2075 
9.730000e-01 52432 19158 16529 13923 2075 
9.740000e-01 52436 19158 16529 13925 2075 
9.750000e-01 52438 19159 16530 13925 2075 
9.760000e-01 52440 19159 16530 13926 2075 
9.770000e-01 52443 19161 16531 13926 2075 
9.780000e-01 52443 19161 16531 13926 2075 
9.790000e-01 52447 19161 16531 13929 2076 
9.800000e-01 52449 19161 16531 13930 2077 
9.810000e-01 52451 19161 16532 13931 2077 
9.820000e-01 52455 19161 16535 13932 2077 
9.830000e-01 52457 19162 16535 13932 2077 
9.840000e-01 52461 19162 16536 13935 2077 
9.850000e-01 52462 19163 16536 13935 2077 
9.860000e-01 52466 19163 16538 13937 2077 
9.870000e-01 52468 19163 16538 13938 2077 
9.880000e-01 52471 19164 16539 13939 2077 
9.890000e-01 52475 19165 16539 13939 2080 
9.900000e-01 52477 19165 16540 13940 2080 
9.910000e-01 52482 19165 16540 13945 2080 
9.920000e-01 52485 19166 16541 13946 2080 
9.930000e-01 52487 19167 16542 13946 2080 
9.940000e-01 52491 19168 16542 13949 2080 
9.950000e-01 52500 19168 16543 13956 2081 
9.960000e-01 52503 19169 16545 13956 2081 
9.970000e-01 52503 19169 16545 13956 2081 
9.980000e-01 52508 19169 16545 13960 2081 
9.990000e-01 52515 19172 16546 13963 2081 
1.000000e+00 52950 19337 16644 14076 2122 
