 20.000  21.000  22.000  22.500
5.077042e-01 57968 19360 16977 16962 3280 
5.098571e-01 57947 19360 16976 16950 3277 
5.120099e-01 57946 19360 16976 16949 3277 
5.141627e-01 57944 19360 16976 16948 3276 
5.163156e-01 57944 19360 16976 16948 3276 
5.184684e-01 57944 19360 16976 16948 3276 
5.206213e-01 57944 19360 16976 16948 3276 
5.227741e-01 57943 19360 16976 16948 3276 
5.249270e-01 57937 19360 16976 16944 3274 
5.270798e-01 57935 19360 16976 16943 3274 
5.292326e-01 57935 19360 16976 16943 3274 
5.313855e-01 57934 19360 16975 16943 3274 
5.335383e-01 57930 19360 16975 16939 3274 
5.356912e-01 57928 19360 16975 16937 3274 
5.378440e-01 57927 19360 16974 16937 3274 
5.399968e-01 57926 19360 16974 16936 3274 
5.421497e-01 57923 19360 16974 16933 3274 
5.443025e-01 57923 19360 16974 16933 3274 
5.464554e-01 57923 19360 16974 16933 3274 
5.486082e-01 57920 19360 16974 16930 3274 
5.507610e-01 57920 19360 16974 16930 3274 
5.529139e-01 57917 19360 16974 16927 3274 
5.550667e-01 57877 19360 16969 16914 3265 
5.572196e-01 57874 19360 16968 16912 3265 
5.593724e-01 57871 19360 16968 16911 3265 
5.615253e-01 57868 19360 16968 16908 3265 
5.636781e-01 57865 19360 16967 16906 3265 
5.658309e-01 57859 19360 16967 16904 3265 
5.679838e-01 57857 19360 16967 16903 3264 
5.701366e-01 57857 19360 16967 16903 3264 
5.722895e-01 57855 19360 16967 16902 3263 
5.744423e-01 57852 19360 16967 16899 3263 
5.765951e-01 57851 19360 16966 16899 3263 
5.787480e-01 57850 19360 16966 16898 3263 
5.809008e-01 57841 19360 16966 16890 3263 
5.830537e-01 57839 19360 16966 16888 3263 
5.852065e-01 57833 19360 16966 16887 3258 
5.873593e-01 57833 19360 16966 16887 3258 
5.895122e-01 57827 19360 16964 16884 3257 
5.916650e-01 57789 19356 16958 16863 3253 
5.938179e-01 57783 19356 16958 16858 3252 
5.959707e-01 57779 19356 16958 16855 3251 
5.981236e-01 57772 19356 16958 16853 3247 
6.002764e-01 57767 19356 16958 16849 3246 
6.024292e-01 57763 19356 16958 16845 3246 
6.045821e-01 57756 19356 16958 16842 3243 
6.067349e-01 57751 19356 16957 16839 3243 
6.088878e-01 57746 19356 16956 16836 3242 
6.110406e-01 57736 19356 16955 16831 3239 
6.131934e-01 57732 19356 16954 16828 3239 
6.153463e-01 57725 19356 16954 16822 3238 
6.174991e-01 57723 19356 16954 16820 3238 
6.196520e-01 57689 19354 16950 16800 3235 
6.218048e-01 57678 19354 16948 16792 3234 
6.239576e-01 57677 19354 16948 16792 3234 
6.261105e-01 57672 19354 16948 16790 3232 
6.282633e-01 57663 19354 16948 16785 3230 
6.304162e-01 57659 19353 16948 16784 3229 
6.325690e-01 57645 19353 16948 16774 3228 
6.347219e-01 57626 19353 16948 16772 3227 
6.368747e-01 57621 19353 16947 16769 3226 
6.390275e-01 57618 19353 16947 16766 3226 
6.411804e-01 57614 19352 16945 16765 3226 
6.433332e-01 57561 19344 16933 16740 3221 
6.454861e-01 57552 19344 16931 16737 3219 
6.476389e-01 57542 19343 16931 16730 3218 
6.497917e-01 57528 19343 16928 16722 3215 
6.519446e-01 57514 19343 16927 16712 3214 
6.540974e-01 57502 19343 16927 16705 3210 
6.562503e-01 57493 19343 16925 16701 3207 
6.584031e-01 57484 19342 16922 16699 3205 
6.605559e-01 57480 19342 16922 16697 3203 
6.627088e-01 57473 19342 16921 16694 3202 
6.648616e-01 57394 19329 16908 16662 3186 
6.670145e-01 57385 19329 16906 16660 3183 
6.691673e-01 57380 19329 16904 16658 3182 
6.713202e-01 57367 19327 16900 16653 3180 
6.734730e-01 57356 19327 16900 16644 3178 
6.756258e-01 57345 19325 16900 16639 3176 
6.777787e-01 57333 19324 16899 16631 3175 
6.799315e-01 57323 19324 16899 16623 3174 
6.820844e-01 57143 19270 16841 16577 3156 
6.842372e-01 57121 19268 16840 16566 3149 
6.863900e-01 57110 19268 16837 16561 3146 
6.885429e-01 57099 19267 16834 16558 3143 
6.906957e-01 57085 19265 16832 16549 3143 
6.928486e-01 57071 19263 16830 16542 3140 
6.950014e-01 57059 19262 16829 16536 3139 
6.971542e-01 56971 19219 16804 16522 3134 
6.993071e-01 56957 19213 16803 16518 3132 
7.014599e-01 56938 19211 16799 16511 3126 
7.036128e-01 56916 19206 16798 16499 3123 
7.057656e-01 56905 19204 16795 16493 3123 
7.079185e-01 56892 19203 16791 16487 3121 
7.100713e-01 56878 19199 16790 16480 3121 
7.122241e-01 56816 19153 16788 16470 3118 
7.143770e-01 56802 19148 16784 16466 3117 
7.165298e-01 56786 19143 16782 16460 3114 
7.186827e-01 56771 19141 16779 16457 3110 
7.208355e-01 56756 19139 16775 16449 3110 
7.229883e-01 56749 19139 16774 16446 3109 
7.251412e-01 56733 19138 16771 16438 3105 
7.272940e-01 56717 19136 16767 16431 3104 
7.294469e-01 56690 19132 16767 16426 3098 
7.315997e-01 56677 19126 16765 16424 3095 
7.337525e-01 56657 19121 16761 16419 3091 
7.359054e-01 56636 19118 16758 16409 3088 
7.380582e-01 56617 19117 16755 16398 3086 
7.402111e-01 56599 19115 16751 16392 3080 
7.423639e-01 56591 19115 16751 16388 3079 
7.445167e-01 56578 19112 16749 16381 3079 
7.466696e-01 56566 19111 16748 16376 3075 
7.488224e-01 56556 19109 16746 16373 3072 
7.509753e-01 56544 19105 16745 16371 3068 
7.531281e-01 56535 19104 16743 16369 3066 
7.552810e-01 56515 19099 16740 16360 3066 
7.574338e-01 56497 19097 16737 16353 3062 
7.595866e-01 56487 19096 16733 16351 3059 
7.617395e-01 56469 19094 16731 16349 3052 
7.638923e-01 56457 19090 16727 16345 3052 
7.660452e-01 56442 19089 16727 16333 3050 
7.681980e-01 56428 19088 16722 16329 3048 
7.703508e-01 56391 19082 16705 16323 3043 
7.725037e-01 56377 19081 16699 16319 3040 
7.746565e-01 56345 19061 16696 16313 3037 
7.768094e-01 56329 19059 16692 16310 3033 
7.789622e-01 56311 19056 16686 16303 3032 
7.811150e-01 56285 19054 16679 16291 3028 
7.832679e-01 56266 19051 16678 16278 3026 
7.854207e-01 56234 19036 16675 16269 3024 
7.875736e-01 56214 19031 16672 16258 3023 
7.897264e-01 56193 19028 16667 16246 3023 
7.918793e-01 56178 19027 16666 16234 3022 
7.940321e-01 56164 19027 16663 16229 3019 
7.961849e-01 56135 19025 16659 16215 3016 
7.983378e-01 56097 19025 16642 16198 3016 
8.004906e-01 56078 19024 16642 16183 3013 
8.026435e-01 56056 19021 16640 16167 3012 
8.047963e-01 56047 19018 16639 16164 3011 
8.069491e-01 56026 19017 16635 16152 3007 
8.091020e-01 56002 19016 16629 16142 3002 
8.112548e-01 55983 19015 16627 16134 2997 
8.134077e-01 55959 19011 16623 16125 2992 
8.155605e-01 55945 19008 16620 16123 2988 
8.177133e-01 55913 19003 16614 16104 2986 
8.198662e-01 55895 19000 16614 16093 2984 
8.220190e-01 55866 18994 16614 16072 2982 
8.241719e-01 55841 18990 16608 16065 2977 
8.263247e-01 55824 18989 16604 16060 2972 
8.284776e-01 55808 18986 16600 16054 2971 
8.306304e-01 55783 18983 16598 16038 2967 
8.327832e-01 55762 18979 16596 16031 2960 
8.349361e-01 55743 18975 16594 16021 2959 
8.370889e-01 55723 18974 16590 16012 2954 
8.392418e-01 55699 18972 16585 15998 2952 
8.413946e-01 55680 18972 16582 15991 2944 
8.435474e-01 55661 18970 16580 15981 2939 
8.457003e-01 55646 18969 16578 15973 2938 
8.478531e-01 55630 18967 16575 15972 2932 
8.500060e-01 55612 18962 16574 15962 2930 
8.521588e-01 55593 18959 16573 15955 2923 
8.543116e-01 55583 18956 16572 15953 2920 
8.564645e-01 55568 18956 16570 15941 2920 
8.586173e-01 55543 18943 16570 15933 2917 
8.607702e-01 55520 18940 16569 15923 2912 
8.629230e-01 55498 18936 16564 15912 2911 
8.650759e-01 55490 18936 16564 15908 2908 
8.672287e-01 55459 18932 16555 15895 2906 
8.693815e-01 55438 18927 16552 15888 2901 
8.715344e-01 55411 18926 16548 15877 2890 
8.736872e-01 55388 18918 16547 15865 2888 
8.758401e-01 55368 18914 16544 15857 2883 
8.779929e-01 55354 18908 16542 15854 2880 
8.801457e-01 55336 18908 16537 15847 2875 
8.822986e-01 55308 18907 16531 15831 2870 
8.844514e-01 55288 18906 16528 15820 2869 
8.866043e-01 55272 18906 16527 15810 2865 
8.887571e-01 55254 18901 16525 15803 2863 
8.909099e-01 55224 18898 16522 15785 2858 
8.930628e-01 55196 18897 16514 15777 2851 
8.952156e-01 55164 18887 16513 15762 2848 
8.973685e-01 55130 18882 16499 15750 2846 
8.995213e-01 55113 18882 16495 15746 2841 
9.016742e-01 55098 18882 16493 15737 2837 
9.038270e-01 55072 18877 16491 15722 2834 
9.059798e-01 55044 18876 16490 15708 2825 
9.081327e-01 55015 18870 16486 15696 2821 
9.102855e-01 54991 18868 16484 15680 2818 
9.124384e-01 54979 18866 16483 15672 2817 
9.145912e-01 54948 18860 16478 15664 2810 
9.167440e-01 54917 18855 16477 15648 2806 
9.188969e-01 54883 18853 16476 15622 2803 
9.210497e-01 54866 18850 16473 15614 2803 
9.232026e-01 54835 18844 16471 15599 2802 
9.253554e-01 54817 18841 16470 15590 2800 
9.275082e-01 54787 18840 16464 15579 2792 
9.296611e-01 54761 18838 16459 15567 2786 
9.318139e-01 54744 18836 16456 15563 2781 
9.339668e-01 54720 18828 16451 15554 2779 
9.361196e-01 54707 18823 16449 15549 2778 
9.382725e-01 54686 18821 16447 15537 2773 
9.404253e-01 54661 18820 16445 15521 2769 
9.425781e-01 54648 18818 16443 15515 2766 
9.447310e-01 54625 18814 16441 15505 2762 
9.468838e-01 54612 18813 16440 15499 2757 
9.490367e-01 54591 18810 16440 15483 2755 
9.511895e-01 54570 18810 16435 15473 2754 
9.533423e-01 54551 18810 16435 15465 2747 
9.554952e-01 54532 18808 16435 15454 2743 
9.576480e-01 54486 18797 16434 15428 2738 
9.598009e-01 54460 18796 16434 15411 2731 
9.619537e-01 54436 18793 16434 15397 2725 
9.641065e-01 54388 18790 16429 15370 2717 
9.662594e-01 54352 18789 16423 15358 2711 
9.684122e-01 54321 18787 16418 15339 2706 
9.705651e-01 54294 18785 16414 15325 2699 
9.727179e-01 54274 18779 16414 15315 2697 
9.748708e-01 54247 18778 16412 15302 2689 
9.770236e-01 54225 18776 16405 15293 2685 
9.791764e-01 54206 18774 16402 15287 2680 
9.813293e-01 54179 18772 16402 15270 2675 
9.834821e-01 54156 18766 16399 15263 2669 
9.856350e-01 54123 18763 16397 15252 2653 
9.877878e-01 54098 18761 16396 15236 2650 
9.899406e-01 54062 18761 16388 15220 2643 
9.920935e-01 54037 18758 16384 15214 2638 
9.942463e-01 54023 18757 16383 15207 2635 
9.963992e-01 53975 18749 16374 15192 2626 
9.985520e-01 53920 18740 16370 15162 2619 
1.000705e+00 53888 18737 16363 15148 2614 
1.002858e+00 53868 18737 16357 15137 2612 
1.005011e+00 53843 18733 16353 15130 2604 
1.007163e+00 53820 18729 16350 15123 2596 
1.009316e+00 53797 18727 16345 15113 2591 
1.011469e+00 53779 18725 16345 15105 2584 
1.013622e+00 53752 18725 16338 15092 2580 
1.015775e+00 53722 18723 16334 15081 2573 
1.017928e+00 53672 18713 16317 15064 2569 
1.020080e+00 53643 18712 16313 15048 2565 
1.022233e+00 53617 18710 16309 15039 2554 
1.024386e+00 53593 18709 16307 15030 2548 
1.026539e+00 53565 18708 16300 15014 2545 
1.028692e+00 53529 18702 16297 14995 2539 
1.030845e+00 53504 18702 16295 14978 2534 
1.032997e+00 53487 18697 16289 14973 2534 
1.035150e+00 53451 18697 16276 14958 2527 
1.037303e+00 53422 18689 16275 14942 2523 
1.039456e+00 53388 18682 16272 14930 2515 
1.041609e+00 53350 18675 16270 14913 2504 
1.043762e+00 53314 18674 16262 14897 2496 
1.045915e+00 53284 18668 16257 14888 2488 
1.048067e+00 53249 18665 16244 14872 2486 
1.050220e+00 53218 18661 16239 14859 2480 
1.052373e+00 53181 18661 16230 14841 2471 
1.054526e+00 53159 18657 16227 14834 2463 
1.056679e+00 53127 18654 16220 14820 2456 
1.058832e+00 53105 18652 16219 14811 2448 
1.060984e+00 53074 18647 16215 14796 2441 
1.063137e+00 53042 18644 16209 14782 2434 
1.065290e+00 53023 18642 16204 14773 2433 
1.067443e+00 52976 18638 16203 14738 2427 
1.069596e+00 52949 18636 16196 14728 2422 
1.071749e+00 52917 18632 16192 14716 2412 
1.073901e+00 52880 18632 16189 14700 2401 
1.076054e+00 52844 18625 16184 14687 2394 
1.078207e+00 52813 18623 16179 14669 2389 
1.080360e+00 52791 18620 16178 14655 2389 
1.082513e+00 52755 18619 16169 14631 2388 
1.084666e+00 52718 18618 16159 14619 2377 
1.086818e+00 52688 18617 16158 14600 2373 
1.088971e+00 52657 18613 16150 14588 2369 
1.091124e+00 52620 18609 16145 14563 2368 
1.093277e+00 52591 18606 16144 14550 2360 
1.095430e+00 52552 18604 16138 14530 2350 
1.097583e+00 52506 18589 16132 14511 2346 
1.099736e+00 52442 18568 16124 14487 2341 
1.101888e+00 52393 18564 16107 14470 2335 
1.104041e+00 52363 18564 16104 14453 2326 
1.106194e+00 52325 18559 16101 14432 2318 
1.108347e+00 52294 18559 16095 14414 2314 
1.110500e+00 52256 18553 16091 14400 2310 
1.112653e+00 52209 18548 16087 14373 2302 
1.114805e+00 52181 18547 16084 14358 2294 
1.116958e+00 52135 18546 16077 14331 2285 
1.119111e+00 52107 18546 16071 14317 2278 
1.121264e+00 52069 18543 16070 14300 2269 
1.123417e+00 52028 18541 16063 14278 2261 
1.125570e+00 51998 18540 16059 14262 2255 
1.127722e+00 51960 18539 16055 14246 2240 
1.129875e+00 51916 18534 16054 14225 2227 
1.132028e+00 51884 18529 16052 14207 2222 
1.134181e+00 51853 18528 16045 14195 2213 
1.136334e+00 51815 18524 16034 14179 2208 
1.138487e+00 51785 18524 16031 14161 2205 
1.140640e+00 51742 18524 16031 14139 2193 
1.142792e+00 51707 18521 16030 14121 2185 
1.144945e+00 51673 18517 16022 14105 2180 
1.147098e+00 51638 18513 16019 14085 2172 
1.149251e+00 51601 18513 16013 14069 2164 
1.151404e+00 51574 18511 16011 14052 2163 
1.153557e+00 51539 18504 16003 14039 2157 
1.155709e+00 51501 18499 16001 14022 2150 
1.157862e+00 51466 18499 15999 13999 2144 
1.160015e+00 51429 18493 15996 13984 2138 
1.162168e+00 51365 18492 15991 13940 2126 
1.164321e+00 51341 18488 15985 13930 2123 
1.166474e+00 51296 18479 15977 13912 2118 
1.168626e+00 51251 18470 15968 13891 2114 
1.170779e+00 51221 18469 15963 13876 2107 
1.172932e+00 51181 18459 15952 13864 2103 
1.175085e+00 51131 18456 15941 13839 2095 
1.177238e+00 51090 18456 15928 13820 2088 
1.179391e+00 51048 18454 15921 13795 2081 
1.181544e+00 51015 18452 15916 13781 2078 
1.183696e+00 50970 18449 15911 13752 2071 
1.185849e+00 50942 18447 15904 13738 2067 
1.188002e+00 50915 18446 15892 13727 2065 
1.190155e+00 50855 18446 15876 13695 2059 
1.192308e+00 50820 18446 15867 13673 2056 
1.194461e+00 50784 18444 15862 13655 2045 
1.196613e+00 50751 18443 15857 13636 2042 
1.198766e+00 50690 18443 15833 13615 2036 
1.200919e+00 50638 18441 15828 13582 2028 
1.203072e+00 50589 18437 15821 13554 2021 
1.205225e+00 50550 18436 15818 13528 2015 
1.207378e+00 50494 18434 15808 13503 2000 
1.209530e+00 50451 18431 15799 13489 1990 
1.211683e+00 50408 18429 15797 13463 1977 
1.213836e+00 50361 18422 15795 13436 1968 
1.215989e+00 50321 18414 15793 13420 1956 
1.218142e+00 50289 18412 15789 13404 1952 
1.220295e+00 50228 18410 15778 13367 1946 
1.222447e+00 50199 18405 15773 13355 1941 
1.224600e+00 50150 18403 15771 13325 1928 
1.226753e+00 50127 18403 15768 13309 1928 
1.228906e+00 50078 18401 15758 13289 1912 
1.231059e+00 50035 18400 15749 13272 1899 
1.233212e+00 50000 18396 15747 13255 1890 
1.235365e+00 49944 18393 15736 13224 1882 
1.237517e+00 49895 18393 15723 13201 1871 
1.239670e+00 49858 18389 15719 13189 1856 
1.241823e+00 49818 18384 15713 13169 1848 
1.243976e+00 49768 18381 15705 13141 1837 
1.246129e+00 49720 18379 15702 13116 1831 
1.248282e+00 49682 18374 15700 13095 1823 
1.250434e+00 49639 18370 15695 13071 1819 
1.252587e+00 49604 18367 15682 13058 1815 
1.254740e+00 49566 18358 15674 13044 1808 
1.256893e+00 49538 18355 15670 13032 1801 
1.259046e+00 49491 18350 15666 13000 1797 
1.261199e+00 49437 18346 15642 12979 1792 
1.263351e+00 49392 18346 15634 12955 1785 
1.265504e+00 49360 18344 15634 12936 1780 
1.267657e+00 49318 18339 15631 12921 1763 
1.269810e+00 49262 18334 15627 12895 1742 
1.271963e+00 49230 18331 15623 12881 1735 
1.274116e+00 49181 18330 15618 12856 1722 
1.276269e+00 49126 18330 15611 12822 1712 
1.278421e+00 49082 18324 15605 12794 1708 
1.280574e+00 49032 18324 15597 12771 1698 
1.282727e+00 48982 18321 15589 12747 1690 
1.284880e+00 48945 18315 15584 12731 1680 
1.287033e+00 48919 18310 15584 12716 1676 
1.289186e+00 48887 18310 15580 12695 1670 
1.291338e+00 48848 18309 15573 12672 1664 
1.293491e+00 48807 18308 15567 12649 1661 
1.295644e+00 48755 18304 15546 12631 1652 
1.297797e+00 48708 18301 15542 12603 1645 
1.299950e+00 48652 18287 15538 12578 1640 
1.302103e+00 48622 18284 15536 12560 1639 
1.304255e+00 48568 18275 15524 12539 1632 
1.306408e+00 48526 18274 15513 12517 1628 
1.308561e+00 48494 18271 15509 12500 1623 
1.310714e+00 48456 18268 15504 12479 1615 
1.312867e+00 48393 18264 15481 12451 1610 
1.315020e+00 48338 18258 15471 12425 1606 
1.317172e+00 48286 18255 15464 12400 1593 
1.319325e+00 48228 18251 15458 12360 1585 
1.321478e+00 48173 18239 15447 12334 1579 
1.323631e+00 48109 18235 15436 12303 1562 
1.325784e+00 48053 18234 15424 12271 1556 
1.327937e+00 48000 18230 15406 12251 1547 
1.330090e+00 47945 18226 15398 12216 1541 
1.332242e+00 47884 18219 15387 12184 1536 
1.334395e+00 47823 18214 15376 12150 1533 
1.336548e+00 47766 18214 15369 12110 1526 
1.338701e+00 47717 18207 15363 12082 1518 
1.340854e+00 47659 18199 15356 12052 1507 
1.343007e+00 47619 18191 15351 12035 1501 
1.345159e+00 47570 18187 15341 12009 1493 
1.347312e+00 47493 18183 15333 11966 1474 
1.349465e+00 47437 18178 15317 11942 1465 
1.351618e+00 47405 18176 15307 11927 1461 
1.353771e+00 47326 18165 15275 11897 1455 
1.355924e+00 47266 18159 15259 11865 1450 
1.358076e+00 47209 18157 15237 11841 1444 
1.360229e+00 47142 18153 15224 11817 1422 
1.362382e+00 47074 18151 15210 11780 1416 
1.364535e+00 47016 18147 15192 11756 1411 
1.366688e+00 46954 18144 15181 11722 1400 
1.368841e+00 46887 18123 15170 11697 1394 
1.370994e+00 46836 18120 15167 11665 1385 
1.373146e+00 46782 18113 15155 11645 1374 
1.375299e+00 46717 18104 15148 11614 1359 
1.377452e+00 46656 18102 15140 11581 1346 
1.379605e+00 46577 18085 15128 11546 1333 
1.381758e+00 46507 18084 15120 11490 1330 
1.383911e+00 46450 18080 15098 11468 1324 
1.386063e+00 46363 18070 15087 11412 1318 
1.388216e+00 46313 18066 15080 11381 1312 
1.390369e+00 46256 18065 15072 11354 1299 
1.392522e+00 46218 18063 15066 11330 1293 
1.394675e+00 46133 18052 15056 11283 1279 
1.396828e+00 46057 18044 15043 11244 1267 
1.398980e+00 46005 18042 15034 11217 1256 
1.401133e+00 45930 18039 14999 11195 1242 
1.403286e+00 45870 18035 14985 11172 1226 
1.405439e+00 45826 18033 14974 11154 1215 
1.407592e+00 45781 18027 14960 11134 1210 
1.409745e+00 45732 18018 14953 11108 1205 
1.411898e+00 45678 18010 14946 11079 1198 
1.414050e+00 45631 18006 14938 11056 1191 
1.416203e+00 45564 18003 14923 11026 1173 
1.418356e+00 45507 18000 14913 10990 1167 
1.420509e+00 45442 17996 14898 10956 1158 
1.422662e+00 45380 17989 14894 10917 1147 
1.424815e+00 45306 17983 14884 10867 1140 
1.426967e+00 45248 17977 14875 10834 1133 
1.429120e+00 45189 17974 14862 10795 1130 
1.431273e+00 45111 17947 14854 10770 1121 
1.433426e+00 45048 17939 14834 10745 1111 
1.435579e+00 44972 17936 14809 10710 1102 
1.437732e+00 44909 17920 14797 10681 1097 
1.439884e+00 44863 17910 14783 10666 1090 
1.442037e+00 44772 17901 14763 10631 1065 
1.444190e+00 44705 17893 14758 10590 1057 
1.446343e+00 44628 17887 14739 10552 1045 
1.448496e+00 44563 17880 14725 10515 1041 
1.450649e+00 44520 17879 14719 10486 1035 
1.452801e+00 44456 17872 14703 10451 1031 
1.454954e+00 44382 17865 14687 10421 1016 
1.457107e+00 44321 17862 14676 10384 1008 
1.459260e+00 44260 17861 14669 10344 996 
1.461413e+00 44189 17853 14650 10308 991 
1.463566e+00 44126 17843 14639 10276 982 
1.465719e+00 44059 17830 14623 10252 970 
1.467871e+00 43999 17824 14607 10225 960 
1.470024e+00 43911 17819 14581 10176 952 
1.472177e+00 43853 17814 14569 10143 946 
1.474330e+00 43802 17809 14564 10106 944 
1.476483e+00 43719 17788 14555 10063 935 
1.478636e+00 43658 17785 14544 10023 930 
1.480788e+00 43602 17782 14534 9983 928 
1.482941e+00 43536 17779 14522 9942 919 
1.485094e+00 43457 17775 14509 9896 906 
1.487247e+00 43410 17774 14497 9870 901 
1.489400e+00 43334 17762 14477 9838 893 
1.491553e+00 43273 17757 14467 9800 886 
1.493705e+00 43210 17756 14447 9766 882 
1.495858e+00 43146 17746 14432 9739 871 
1.498011e+00 43097 17739 14426 9710 864 
1.500164e+00 43022 17737 14412 9673 849 
1.502317e+00 42961 17729 14402 9641 838 
1.504470e+00 42894 17721 14393 9597 834 
1.506623e+00 42848 17715 14383 9574 828 
1.508775e+00 42775 17715 14350 9544 821 
1.510928e+00 42687 17714 14319 9502 810 
1.513081e+00 42610 17714 14292 9465 801 
1.515234e+00 42548 17710 14273 9430 797 
1.517387e+00 42464 17702 14261 9386 780 
1.519540e+00 42394 17692 14258 9342 770 
1.521692e+00 42318 17689 14243 9301 755 
1.523845e+00 42249 17681 14225 9265 749 
1.525998e+00 42164 17679 14204 9215 743 
1.528151e+00 42097 17665 14190 9183 738 
1.530304e+00 42043 17658 14174 9159 735 
1.532457e+00 41977 17656 14152 9125 728 
1.534609e+00 41899 17651 14139 9075 725 
1.536762e+00 41835 17648 14129 9033 719 
1.538915e+00 41746 17622 14107 9002 712 
1.541068e+00 41692 17615 14103 8973 704 
1.543221e+00 41638 17614 14092 8937 698 
1.545374e+00 41553 17600 14080 8888 689 
1.547526e+00 41482 17597 14059 8852 679 
1.549679e+00 41392 17587 14023 8819 669 
1.551832e+00 41317 17579 14008 8774 666 
1.553985e+00 41216 17561 13984 8730 655 
1.556138e+00 41121 17554 13946 8692 646 
1.558291e+00 41040 17537 13926 8653 643 
1.560444e+00 40960 17526 13901 8619 633 
1.562596e+00 40880 17521 13885 8580 615 
1.564749e+00 40804 17516 13869 8531 611 
1.566902e+00 40734 17513 13857 8492 598 
1.569055e+00 40657 17510 13852 8434 587 
1.571208e+00 40564 17496 13829 8389 577 
1.573361e+00 40518 17496 13820 8353 576 
1.575513e+00 40434 17487 13785 8322 568 
1.577666e+00 40349 17484 13764 8265 566 
1.579819e+00 40253 17474 13727 8218 565 
1.581972e+00 40198 17473 13715 8183 560 
1.584125e+00 40132 17468 13700 8151 549 
1.586278e+00 40082 17461 13691 8122 548 
1.588430e+00 39985 17444 13660 8078 543 
1.590583e+00 39921 17437 13651 8036 538 
1.592736e+00 39842 17429 13631 7999 527 
1.594889e+00 39764 17428 13607 7950 523 
1.597042e+00 39677 17416 13578 7915 516 
1.599195e+00 39600 17411 13553 7874 512 
1.601348e+00 39541 17406 13528 7847 511 
1.603500e+00 39461 17389 13510 7810 504 
1.605653e+00 39381 17380 13487 7777 493 
1.607806e+00 39292 17366 13465 7731 489 
1.609959e+00 39198 17340 13444 7694 480 
1.612112e+00 39071 17308 13415 7645 464 
1.614265e+00 39005 17304 13395 7612 458 
1.616417e+00 38940 17293 13378 7580 453 
1.618570e+00 38855 17286 13349 7541 445 
1.620723e+00 38776 17281 13337 7486 438 
1.622876e+00 38697 17276 13317 7437 433 
1.625029e+00 38608 17267 13299 7386 422 
1.627182e+00 38523 17250 13274 7351 416 
1.629334e+00 38434 17228 13252 7311 414 
1.631487e+00 38335 17216 13216 7267 409 
1.633640e+00 38268 17207 13196 7233 406 
1.635793e+00 38169 17197 13169 7177 402 
1.637946e+00 38102 17195 13151 7135 397 
1.640099e+00 38017 17190 13115 7101 390 
1.642252e+00 37931 17181 13084 7061 385 
1.644404e+00 37841 17165 13048 7028 381 
1.646557e+00 37770 17162 13010 6999 380 
1.648710e+00 37679 17159 12979 6944 379 
1.650863e+00 37574 17150 12945 6887 374 
1.653016e+00 37472 17135 12911 6840 371 
1.655169e+00 37386 17118 12898 6788 369 
1.657321e+00 37276 17113 12872 6716 363 
1.659474e+00 37204 17104 12835 6690 363 
1.661627e+00 37112 17098 12802 6651 351 
1.663780e+00 37017 17070 12782 6609 346 
1.665933e+00 36932 17064 12748 6566 344 
1.668086e+00 36828 17048 12730 6507 334 
1.670238e+00 36733 17032 12701 6457 334 
1.672391e+00 36627 17018 12657 6413 331 
1.674544e+00 36543 17004 12636 6368 328 
1.676697e+00 36448 16987 12609 6323 323 
1.678850e+00 36337 16979 12575 6268 316 
1.681003e+00 36263 16967 12553 6231 313 
1.683155e+00 36171 16945 12527 6194 306 
1.685308e+00 36079 16922 12502 6155 301 
1.687461e+00 35991 16900 12474 6123 295 
1.689614e+00 35933 16893 12460 6090 291 
1.691767e+00 35861 16881 12430 6062 289 
1.693920e+00 35761 16853 12406 6020 287 
1.696073e+00 35681 16840 12369 5994 285 
1.698225e+00 35580 16827 12317 5962 281 
1.700378e+00 35480 16816 12283 5912 277 
1.702531e+00 35378 16797 12255 5862 274 
1.704684e+00 35273 16767 12224 5826 266 
1.706837e+00 35155 16757 12180 5768 262 
1.708990e+00 35049 16744 12146 5713 258 
1.711142e+00 34959 16720 12124 5669 258 
1.713295e+00 34881 16703 12104 5633 253 
1.715448e+00 34796 16691 12070 5596 252 
1.717601e+00 34731 16681 12044 5570 249 
1.719754e+00 34643 16669 12018 5524 246 
1.721907e+00 34550 16654 11977 5489 245 
1.724059e+00 34442 16614 11946 5457 241 
1.726212e+00 34352 16594 11920 5415 239 
1.728365e+00 34252 16582 11893 5360 234 
1.730518e+00 34159 16574 11852 5318 234 
1.732671e+00 34069 16563 11820 5281 227 
1.734824e+00 33982 16557 11786 5239 224 
1.736977e+00 33896 16551 11754 5193 222 
1.739129e+00 33794 16530 11728 5143 217 
1.741282e+00 33683 16508 11688 5104 209 
1.743435e+00 33585 16502 11650 5053 206 
1.745588e+00 33490 16496 11617 5003 203 
1.747741e+00 33385 16469 11574 4970 201 
1.749894e+00 33290 16448 11541 4933 199 
1.752046e+00 33186 16434 11509 4882 192 
1.754199e+00 33080 16414 11475 4831 191 
1.756352e+00 32986 16405 11440 4783 189 
1.758505e+00 32834 16384 11377 4717 187 
1.760658e+00 32712 16376 11340 4644 184 
1.762811e+00 32608 16360 11289 4613 183 
1.764963e+00 32496 16348 11237 4567 182 
1.767116e+00 32347 16323 11187 4498 177 
1.769269e+00 32224 16299 11143 4447 173 
1.771422e+00 32117 16285 11087 4413 171 
1.773575e+00 32007 16268 11056 4354 168 
1.775728e+00 31913 16261 11021 4304 167 
1.777881e+00 31796 16247 10967 4257 166 
1.780033e+00 31711 16238 10930 4219 166 
1.782186e+00 31598 16217 10897 4163 163 
1.784339e+00 31487 16201 10850 4116 162 
1.786492e+00 31379 16184 10807 4071 159 
1.788645e+00 31285 16166 10763 4039 159 
1.790798e+00 31175 16153 10716 3993 155 
1.792950e+00 31075 16140 10683 3945 153 
1.795103e+00 30991 16131 10649 3907 150 
1.797256e+00 30895 16116 10607 3872 146 
1.799409e+00 30790 16098 10560 3835 143 
1.801562e+00 30705 16076 10532 3800 143 
1.803715e+00 30619 16060 10495 3769 141 
1.805867e+00 30521 16045 10465 3717 141 
1.808020e+00 30394 16007 10418 3679 137 
1.810173e+00 30291 15973 10381 3647 137 
1.812326e+00 30159 15956 10321 3598 132 
1.814479e+00 30070 15940 10292 3559 128 
1.816632e+00 29929 15915 10238 3498 128 
1.818784e+00 29819 15877 10200 3466 128 
1.820937e+00 29723 15866 10151 3432 128 
1.823090e+00 29641 15856 10120 3396 123 
1.825243e+00 29535 15844 10049 3373 123 
1.827396e+00 29435 15823 10001 3342 123 
1.829549e+00 29288 15772 9944 3306 121 
1.831702e+00 29189 15745 9896 3283 120 
1.833854e+00 29070 15716 9844 3249 119 
1.836007e+00 28954 15680 9803 3211 118 
1.838160e+00 28861 15661 9769 3175 116 
1.840313e+00 28770 15640 9721 3154 115 
1.842466e+00 28664 15615 9682 3114 114 
1.844619e+00 28553 15588 9639 3073 114 
1.846771e+00 28458 15578 9593 3035 113 
1.848924e+00 28337 15556 9535 2996 112 
1.851077e+00 28219 15501 9503 2968 110 
1.853230e+00 28132 15475 9475 2936 110 
1.855383e+00 28042 15462 9435 2899 110 
1.857536e+00 27929 15443 9378 2863 109 
1.859688e+00 27813 15410 9321 2838 108 
1.861841e+00 27696 15380 9277 2796 107 
1.863994e+00 27524 15304 9219 2759 106 
1.866147e+00 27404 15288 9157 2717 106 
1.868300e+00 27295 15258 9104 2691 106 
1.870453e+00 27190 15244 9052 2654 104 
1.872606e+00 27085 15213 9004 2629 103 
1.874758e+00 26980 15206 8935 2603 101 
1.876911e+00 26867 15179 8882 2574 97 
1.879064e+00 26753 15147 8845 2533 96 
1.881217e+00 26630 15122 8790 2492 94 
1.883370e+00 26527 15085 8753 2463 94 
1.885523e+00 26430 15048 8723 2437 92 
1.887675e+00 26323 15027 8661 2414 92 
1.889828e+00 26202 14999 8597 2386 91 
1.891981e+00 26099 14966 8562 2354 89 
1.894134e+00 25987 14940 8512 2324 86 
1.896287e+00 25864 14890 8461 2306 84 
1.898440e+00 25766 14867 8415 2278 84 
1.900592e+00 25628 14832 8363 2230 84 
1.902745e+00 25501 14800 8292 2207 84 
1.904898e+00 25394 14763 8250 2182 81 
1.907051e+00 25292 14740 8200 2155 79 
1.909204e+00 25188 14721 8140 2131 78 
1.911357e+00 25094 14703 8089 2106 78 
1.913509e+00 24948 14683 8021 2050 77 
1.915662e+00 24845 14644 7979 2029 76 
1.917815e+00 24714 14592 7927 2002 76 
1.919968e+00 24595 14562 7870 1975 74 
1.922121e+00 24474 14517 7821 1948 74 
1.924274e+00 24375 14496 7776 1919 72 
1.926427e+00 24292 14475 7729 1904 72 
1.928579e+00 24164 14445 7663 1872 72 
1.930732e+00 24052 14423 7610 1835 72 
1.932885e+00 23913 14342 7578 1810 72 
1.935038e+00 23800 14329 7500 1788 72 
1.937191e+00 23671 14283 7444 1763 71 
1.939344e+00 23540 14230 7392 1740 71 
1.941496e+00 23453 14204 7354 1718 71 
1.943649e+00 23377 14185 7307 1708 71 
1.945802e+00 23227 14150 7217 1683 71 
1.947955e+00 23068 14106 7127 1659 70 
1.950108e+00 22958 14077 7068 1637 70 
1.952261e+00 22829 14033 7007 1614 69 
1.954413e+00 22725 14000 6965 1591 64 
1.956566e+00 22597 13974 6894 1560 64 
1.958719e+00 22490 13926 6850 1545 64 
1.960872e+00 22379 13871 6801 1538 64 
1.963025e+00 22276 13855 6739 1513 64 
1.965178e+00 22180 13813 6700 1500 62 
1.967331e+00 22072 13778 6640 1488 61 
1.969483e+00 21950 13722 6600 1469 55 
1.971636e+00 21859 13696 6554 1452 55 
1.973789e+00 21737 13656 6501 1428 54 
1.975942e+00 21602 13607 6443 1404 52 
1.978095e+00 21475 13552 6388 1388 52 
1.980248e+00 21371 13519 6340 1366 52 
1.982400e+00 21258 13484 6295 1335 51 
1.984553e+00 21123 13446 6226 1308 51 
1.986706e+00 21024 13421 6178 1282 51 
1.988859e+00 20911 13383 6129 1258 49 
1.991012e+00 20807 13346 6072 1250 47 
1.993165e+00 20691 13299 6017 1238 46 
1.995317e+00 20541 13237 5961 1209 46 
1.997470e+00 20441 13211 5906 1190 46 
1.999623e+00 20296 13158 5825 1181 46 
2.001776e+00 20169 13115 5774 1150 44 
2.003929e+00 20054 13060 5737 1127 44 
2.006082e+00 19940 13013 5685 1114 42 
2.008235e+00 19820 12972 5625 1096 42 
2.010387e+00 19677 12891 5589 1072 40 
2.012540e+00 19554 12855 5521 1054 40 
2.014693e+00 19461 12824 5471 1043 40 
2.016846e+00 19373 12787 5433 1032 40 
2.018999e+00 19281 12760 5383 1017 40 
2.021152e+00 19167 12706 5337 1003 40 
2.023304e+00 19047 12665 5279 983 39 
2.025457e+00 18917 12626 5206 967 38 
2.027610e+00 18757 12562 5127 952 38 
2.029763e+00 18647 12530 5070 934 37 
2.031916e+00 18517 12482 5002 922 37 
2.034069e+00 18392 12433 4941 907 37 
2.036221e+00 18280 12389 4884 896 37 
2.038374e+00 18160 12325 4836 888 37 
2.040527e+00 18024 12277 4763 873 37 
2.042680e+00 17894 12216 4716 852 37 
2.044833e+00 17781 12172 4663 837 36 
2.046986e+00 17682 12130 4617 827 35 
2.049138e+00 17551 12076 4562 805 35 
2.051291e+00 17399 11988 4516 788 35 
2.053444e+00 17281 11932 4469 774 35 
2.055597e+00 17193 11903 4416 769 35 
2.057750e+00 17082 11859 4362 758 33 
2.059903e+00 16983 11830 4310 741 33 
2.062056e+00 16882 11796 4260 727 33 
2.064208e+00 16780 11750 4215 717 33 
2.066361e+00 16664 11690 4172 704 33 
2.068514e+00 16550 11631 4132 690 32 
2.070667e+00 16481 11601 4098 685 32 
2.072820e+00 16368 11533 4066 673 32 
2.074973e+00 16267 11477 4028 666 32 
2.077125e+00 16178 11453 3975 654 32 
2.079278e+00 16029 11369 3920 644 32 
2.081431e+00 15837 11304 3812 629 28 
2.083584e+00 15728 11242 3776 619 28 
2.085737e+00 15606 11158 3745 612 28 
2.087890e+00 15478 11083 3696 608 28 
2.090042e+00 15386 11040 3660 597 28 
2.092195e+00 15291 11001 3613 588 28 
2.094348e+00 15198 10966 3561 582 28 
2.096501e+00 15105 10915 3526 576 28 
2.098654e+00 15023 10875 3493 569 28 
2.100807e+00 14914 10809 3464 555 28 
2.102960e+00 14816 10763 3422 545 28 
2.105112e+00 14716 10716 3376 539 27 
2.107265e+00 14584 10629 3339 531 27 
2.109418e+00 14485 10595 3286 520 27 
2.111571e+00 14385 10540 3254 507 27 
2.113724e+00 14282 10494 3208 497 27 
2.115877e+00 14162 10428 3159 492 27 
2.118029e+00 14064 10373 3125 485 27 
2.120182e+00 13935 10298 3090 466 27 
2.122335e+00 13817 10245 3030 463 27 
2.124488e+00 13703 10199 2974 451 27 
2.126641e+00 13605 10149 2936 441 27 
2.128794e+00 13502 10095 2902 426 27 
2.130946e+00 13392 10048 2851 417 26 
2.133099e+00 13290 9994 2812 409 25 
2.135252e+00 13186 9943 2768 401 24 
2.137405e+00 13114 9909 2736 396 23 
2.139558e+00 12977 9834 2691 379 23 
2.141711e+00 12886 9779 2663 373 22 
2.143863e+00 12771 9717 2625 360 21 
2.146016e+00 12671 9669 2581 352 21 
2.148169e+00 12559 9614 2539 344 19 
2.150322e+00 12447 9558 2493 334 19 
2.152475e+00 12370 9510 2469 329 19 
2.154628e+00 12276 9465 2425 324 19 
2.156781e+00 12175 9405 2387 321 19 
2.158933e+00 12079 9352 2350 315 19 
2.161086e+00 11975 9289 2314 311 19 
2.163239e+00 11862 9211 2282 308 19 
2.165392e+00 11737 9132 2239 306 18 
2.167545e+00 11637 9077 2201 299 18 
2.169698e+00 11536 9004 2177 295 18 
2.171850e+00 11415 8920 2144 291 18 
2.174003e+00 11327 8863 2115 289 18 
2.176156e+00 11197 8779 2081 278 17 
2.178309e+00 11081 8717 2035 270 17 
2.180462e+00 10956 8625 2011 265 13 
2.182615e+00 10836 8538 1987 256 13 
2.184767e+00 10720 8465 1949 254 13 
2.186920e+00 10638 8427 1915 244 13 
2.189073e+00 10508 8344 1870 242 13 
2.191226e+00 10424 8291 1842 240 13 
2.193379e+00 10338 8242 1809 237 13 
2.195532e+00 10227 8163 1782 232 13 
2.197685e+00 10152 8113 1759 230 13 
2.199837e+00 10078 8071 1734 225 12 
2.201990e+00 10000 8014 1717 222 12 
2.204143e+00 9889 7945 1683 215 11 
2.206296e+00 9804 7890 1659 209 11 
2.208449e+00 9695 7831 1617 203 11 
2.210602e+00 9595 7761 1593 201 7 
2.212754e+00 9497 7699 1567 192 7 
2.214907e+00 9415 7661 1531 184 7 
2.217060e+00 9320 7591 1511 179 7 
2.219213e+00 9216 7536 1467 174 7 
2.221366e+00 9123 7466 1447 172 7 
2.223519e+00 9036 7401 1430 167 7 
2.225671e+00 8924 7323 1398 165 7 
2.227824e+00 8836 7272 1366 160 7 
2.229977e+00 8752 7226 1338 150 7 
2.232130e+00 8627 7132 1312 145 7 
2.234283e+00 8540 7064 1299 140 7 
2.236436e+00 8443 6994 1275 137 7 
2.238589e+00 8328 6901 1257 134 6 
2.240741e+00 8240 6840 1235 130 6 
2.242894e+00 8168 6796 1209 128 6 
2.245047e+00 8082 6739 1183 125 6 
2.247200e+00 7973 6653 1165 120 6 
2.249353e+00 7894 6605 1140 114 6 
2.251506e+00 7780 6510 1127 108 6 
2.253658e+00 7685 6456 1095 103 6 
2.255811e+00 7591 6401 1059 100 6 
2.257964e+00 7482 6308 1044 100 5 
2.260117e+00 7398 6245 1025 98 5 
2.262270e+00 7314 6192 996 97 5 
2.264423e+00 7205 6114 965 97 5 
2.266575e+00 7113 6041 948 95 5 
2.268728e+00 7025 5967 937 92 5 
2.270881e+00 6941 5905 917 91 5 
2.273034e+00 6871 5851 905 87 5 
2.275187e+00 6769 5781 879 81 5 
2.277340e+00 6698 5726 867 77 5 
2.279492e+00 6617 5677 844 71 5 
2.281645e+00 6534 5615 824 70 5 
2.283798e+00 6454 5550 810 69 5 
2.285951e+00 6364 5486 787 67 5 
2.288104e+00 6217 5361 769 63 5 
2.290257e+00 6075 5245 744 62 5 
2.292410e+00 6016 5198 736 58 5 
2.294562e+00 5928 5128 720 57 4 
2.296715e+00 5843 5067 702 51 4 
2.298868e+00 5751 4996 682 50 4 
2.301021e+00 5695 4952 670 50 4 
2.303174e+00 5613 4893 647 50 4 
2.305327e+00 5544 4841 631 49 4 
2.307479e+00 5476 4794 612 47 4 
2.309632e+00 5415 4747 605 40 4 
2.311785e+00 5353 4699 593 38 4 
2.313938e+00 5272 4637 575 37 4 
2.316091e+00 5186 4569 563 35 0 
2.318244e+00 5092 4498 545 30 0 
2.320396e+00 5010 4430 531 30 0 
2.322549e+00 4924 4373 502 30 0 
2.324702e+00 4848 4306 493 30 0 
2.326855e+00 4784 4257 483 25 0 
2.329008e+00 4717 4205 468 25 0 
2.331161e+00 4649 4154 452 24 0 
2.333314e+00 4555 4072 441 23 0 
2.335466e+00 4447 3994 412 22 0 
2.337619e+00 4387 3950 397 21 0 
2.339772e+00 4312 3887 386 20 0 
2.341925e+00 4231 3833 360 19 0 
2.344078e+00 4159 3775 346 19 0 
2.346231e+00 4102 3731 335 18 0 
2.348383e+00 4047 3691 322 16 0 
2.350536e+00 3986 3641 312 15 0 
2.352689e+00 3911 3581 297 15 0 
2.354842e+00 3856 3540 283 15 0 
2.356995e+00 3777 3468 277 14 0 
2.359148e+00 3721 3424 267 12 0 
2.361300e+00 3640 3350 261 11 0 
2.363453e+00 3576 3301 246 11 0 
2.365606e+00 3532 3262 241 11 0 
2.367759e+00 3430 3176 227 9 0 
2.369912e+00 3359 3117 215 9 0 
2.372065e+00 3282 3044 213 7 0 
2.374218e+00 3233 3000 209 6 0 
2.376370e+00 3182 2959 199 6 0 
2.378523e+00 3109 2900 186 5 0 
2.380676e+00 3051 2858 182 5 0 
2.382829e+00 2985 2801 175 4 0 
2.384982e+00 2925 2744 172 4 0 
2.387135e+00 2872 2698 165 4 0 
2.389287e+00 2802 2637 157 3 0 
2.391440e+00 2758 2598 152 3 0 
2.393593e+00 2701 2551 142 3 0 
2.395746e+00 2656 2509 139 3 0 
2.397899e+00 2596 2456 133 2 0 
2.400052e+00 2553 2416 130 2 0 
2.402204e+00 2499 2365 127 2 0 
2.404357e+00 2454 2336 114 2 0 
2.406510e+00 2405 2295 106 2 0 
2.408663e+00 2336 2229 103 2 0 
2.410816e+00 2290 2183 103 2 0 
2.412969e+00 2234 2132 98 2 0 
2.415121e+00 2164 2076 84 2 0 
2.417274e+00 2120 2035 83 2 0 
2.419427e+00 2088 2004 82 2 0 
2.421580e+00 2044 1965 77 2 0 
2.423733e+00 2003 1933 68 2 0 
2.425886e+00 1981 1914 65 2 0 
2.428039e+00 1944 1888 55 1 0 
2.430191e+00 1927 1871 55 1 0 
2.432344e+00 1865 1810 54 1 0 
2.434497e+00 1830 1776 53 1 0 
2.436650e+00 1792 1739 52 1 0 
2.438803e+00 1743 1692 50 1 0 
2.440956e+00 1702 1651 50 1 0 
2.443108e+00 1659 1610 48 1 0 
2.445261e+00 1610 1565 44 1 0 
2.447414e+00 1567 1522 44 1 0 
2.449567e+00 1530 1487 42 1 0 
2.451720e+00 1495 1453 41 1 0 
2.453873e+00 1459 1417 41 1 0 
2.456025e+00 1424 1383 40 1 0 
2.458178e+00 1384 1344 39 1 0 
2.460331e+00 1343 1304 38 1 0 
2.462484e+00 1294 1256 38 0 0 
2.464637e+00 1249 1211 38 0 0 
2.466790e+00 1199 1170 29 0 0 
2.468943e+00 1157 1129 28 0 0 
2.471095e+00 1115 1093 22 0 0 
2.473248e+00 1072 1064 8 0 0 
2.475401e+00 1027 1019 8 0 0 
2.477554e+00 987 980 7 0 0 
2.479707e+00 959 952 7 0 0 
2.481860e+00 927 920 7 0 0 
2.484012e+00 902 895 7 0 0 
2.486165e+00 872 867 5 0 0 
2.488318e+00 858 853 5 0 0 
2.490471e+00 836 831 5 0 0 
2.492624e+00 813 808 5 0 0 
2.494777e+00 780 775 5 0 0 
2.496929e+00 758 753 5 0 0 
2.499082e+00 742 737 5 0 0 
2.501235e+00 714 709 5 0 0 
2.503388e+00 694 689 5 0 0 
2.505541e+00 690 685 5 0 0 
2.507694e+00 655 650 5 0 0 
2.509846e+00 637 632 5 0 0 
2.511999e+00 605 600 5 0 0 
2.514152e+00 573 568 5 0 0 
2.516305e+00 561 556 5 0 0 
2.518458e+00 549 544 5 0 0 
2.520611e+00 539 534 5 0 0 
2.522764e+00 533 529 4 0 0 
2.524916e+00 512 508 4 0 0 
2.527069e+00 504 500 4 0 0 
2.529222e+00 476 472 4 0 0 
2.531375e+00 465 461 4 0 0 
2.533528e+00 447 443 4 0 0 
2.535681e+00 430 426 4 0 0 
2.537833e+00 409 405 4 0 0 
2.539986e+00 383 379 4 0 0 
2.542139e+00 379 375 4 0 0 
2.544292e+00 372 368 4 0 0 
2.546445e+00 363 359 4 0 0 
2.548598e+00 326 322 4 0 0 
2.550750e+00 314 311 3 0 0 
2.552903e+00 303 300 3 0 0 
2.555056e+00 286 283 3 0 0 
2.557209e+00 282 279 3 0 0 
2.559362e+00 277 274 3 0 0 
2.561515e+00 268 265 3 0 0 
2.563668e+00 260 257 3 0 0 
2.565820e+00 258 255 3 0 0 
2.567973e+00 250 247 3 0 0 
2.570126e+00 245 242 3 0 0 
2.572279e+00 228 225 3 0 0 
2.574432e+00 218 215 3 0 0 
2.576585e+00 209 206 3 0 0 
2.578737e+00 188 185 3 0 0 
2.580890e+00 164 161 3 0 0 
2.583043e+00 153 150 3 0 0 
2.585196e+00 147 144 3 0 0 
2.587349e+00 138 135 3 0 0 
2.589502e+00 135 135 0 0 0 
2.591654e+00 125 125 0 0 0 
2.593807e+00 118 118 0 0 0 
2.595960e+00 108 108 0 0 0 
2.598113e+00 100 100 0 0 0 
2.600266e+00 97 97 0 0 0 
2.602419e+00 88 88 0 0 0 
2.604572e+00 72 72 0 0 0 
2.606724e+00 70 70 0 0 0 
2.608877e+00 63 63 0 0 0 
2.611030e+00 48 48 0 0 0 
2.613183e+00 44 44 0 0 0 
2.615336e+00 44 44 0 0 0 
2.617489e+00 41 41 0 0 0 
2.619641e+00 31 31 0 0 0 
2.621794e+00 31 31 0 0 0 
2.623947e+00 31 31 0 0 0 
2.626100e+00 29 29 0 0 0 
2.628253e+00 25 25 0 0 0 
2.630406e+00 25 25 0 0 0 
2.632558e+00 24 24 0 0 0 
2.634711e+00 24 24 0 0 0 
2.636864e+00 24 24 0 0 0 
2.639017e+00 23 23 0 0 0 
2.641170e+00 18 18 0 0 0 
2.643323e+00 14 14 0 0 0 
2.645475e+00 3 3 0 0 0 
2.647628e+00 3 3 0 0 0 
2.649781e+00 3 3 0 0 0 
2.651934e+00 3 3 0 0 0 
2.654087e+00 3 3 0 0 0 
2.656240e+00 3 3 0 0 0 
2.658393e+00 3 3 0 0 0 
