 20.000  21.000  22.000  22.500
1.000009e-03 397 185 88 108 15 
2.000009e-03 645 279 138 183 39 
3.000009e-03 793 332 163 241 51 
4.000009e-03 949 393 192 294 64 
5.000009e-03 1078 437 213 349 70 
6.000009e-03 1176 469 234 384 80 
7.000009e-03 1298 505 250 440 91 
8.000009e-03 1416 555 262 484 99 
9.000009e-03 1508 587 271 519 115 
1.000001e-02 1602 616 282 561 126 
1.100001e-02 1698 658 291 593 136 
1.200001e-02 1789 679 317 624 147 
1.300001e-02 1879 706 331 666 154 
1.400001e-02 1972 734 341 717 158 
1.500001e-02 2064 770 349 751 172 
1.600001e-02 2174 813 364 790 183 
1.700001e-02 2267 849 379 825 187 
1.800001e-02 2362 896 389 851 199 
1.900001e-02 2469 934 408 880 219 
2.000001e-02 2574 960 433 918 234 
2.100001e-02 2674 998 443 956 244 
2.200001e-02 2774 1035 460 985 261 
2.300001e-02 2848 1060 474 1007 273 
2.400001e-02 2937 1099 483 1036 283 
2.500001e-02 3018 1132 492 1068 288 
2.600001e-02 3104 1160 506 1099 300 
2.700001e-02 3187 1180 528 1135 305 
2.800001e-02 3286 1229 538 1162 316 
2.900001e-02 3366 1259 550 1193 322 
3.000001e-02 3449 1290 554 1237 326 
3.100001e-02 3529 1321 565 1266 334 
3.200001e-02 3602 1343 578 1299 339 
3.300001e-02 3677 1368 588 1331 347 
3.400001e-02 3753 1396 597 1357 358 
3.500001e-02 3830 1424 606 1385 367 
3.600001e-02 3918 1458 633 1406 372 
3.700001e-02 4001 1500 638 1431 383 
3.800001e-02 4075 1520 649 1464 393 
3.900001e-02 4153 1551 662 1490 401 
4.000001e-02 4228 1578 673 1519 407 
4.100001e-02 4305 1602 684 1547 418 
4.200001e-02 4377 1631 693 1572 426 
4.300001e-02 4481 1656 716 1614 438 
4.400001e-02 4549 1689 726 1633 444 
4.500001e-02 4661 1745 741 1665 451 
4.600001e-02 4753 1777 765 1689 463 
4.700001e-02 4837 1810 772 1721 474 
4.800001e-02 4905 1834 777 1753 480 
4.900001e-02 4959 1856 783 1772 486 
5.000001e-02 5037 1871 804 1803 495 
5.100001e-02 5101 1897 807 1832 500 
5.200001e-02 5174 1938 812 1851 507 
5.300001e-02 5245 1955 822 1888 514 
5.400001e-02 5304 1976 827 1917 518 
5.500001e-02 5384 2007 837 1946 528 
5.600001e-02 5454 2036 846 1972 534 
5.700001e-02 5528 2070 854 1998 539 
5.800001e-02 5593 2092 864 2027 542 
5.900001e-02 5667 2127 874 2050 548 
6.000001e-02 5722 2144 881 2071 558 
6.100001e-02 5778 2166 885 2094 563 
6.200001e-02 5854 2204 891 2113 576 
6.300001e-02 5928 2232 897 2145 584 
6.400001e-02 5993 2254 903 2172 594 
6.500001e-02 6072 2287 910 2203 601 
6.600001e-02 6149 2313 916 2234 614 
6.700001e-02 6206 2338 923 2256 617 
6.800001e-02 6268 2357 935 2284 620 
6.900001e-02 6348 2390 944 2309 632 
7.000001e-02 6405 2406 952 2333 640 
7.100001e-02 6479 2428 969 2360 648 
7.200001e-02 6543 2458 977 2380 654 
7.300001e-02 6635 2500 983 2413 663 
7.400001e-02 6692 2521 987 2433 673 
7.500001e-02 6753 2545 995 2458 677 
7.600001e-02 6830 2571 1001 2490 689 
7.700001e-02 6890 2595 1003 2521 692 
7.800001e-02 6965 2633 1008 2544 698 
7.900001e-02 7028 2651 1015 2568 707 
8.000001e-02 7111 2675 1028 2604 717 
8.100001e-02 7175 2699 1048 2618 723 
8.200001e-02 7260 2724 1070 2645 734 
8.300001e-02 7317 2754 1073 2665 738 
8.400001e-02 7376 2777 1079 2687 743 
8.500001e-02 7438 2808 1084 2708 748 
8.600001e-02 7520 2845 1092 2740 753 
8.700001e-02 7585 2870 1112 2755 758 
8.800001e-02 7651 2900 1120 2773 766 
8.900001e-02 7714 2922 1129 2793 770 
9.000001e-02 7782 2945 1139 2819 779 
9.100001e-02 7844 2967 1155 2836 786 
9.200001e-02 7897 2991 1161 2853 791 
9.300001e-02 7960 3016 1171 2874 797 
9.400001e-02 8038 3045 1182 2901 804 
9.500001e-02 8113 3077 1187 2928 813 
9.600001e-02 8183 3111 1191 2955 818 
9.700001e-02 8242 3135 1200 2976 823 
9.800001e-02 8301 3155 1204 3000 832 
9.900001e-02 8366 3189 1211 3018 838 
1.000000e-01 8435 3218 1228 3037 842 
1.010000e-01 8503 3244 1241 3057 851 
1.020000e-01 8585 3284 1244 3086 861 
1.030000e-01 8660 3334 1249 3100 864 
1.040000e-01 8742 3355 1268 3133 872 
1.050000e-01 8806 3383 1273 3154 881 
1.060000e-01 8862 3405 1278 3175 887 
1.070000e-01 8912 3421 1282 3198 892 
1.080000e-01 8985 3446 1289 3225 901 
1.090000e-01 9046 3479 1297 3239 907 
1.100000e-01 9104 3502 1301 3266 911 
1.110000e-01 9165 3526 1310 3287 918 
1.120000e-01 9200 3540 1315 3301 918 
1.130000e-01 9256 3571 1319 3321 919 
1.140000e-01 9342 3607 1329 3348 932 
1.150000e-01 9416 3640 1344 3366 938 
1.160000e-01 9496 3673 1353 3396 944 
1.170000e-01 9558 3697 1358 3419 953 
1.180000e-01 9630 3730 1363 3442 963 
1.190000e-01 9691 3754 1365 3467 972 
1.200000e-01 9762 3778 1370 3496 984 
1.210000e-01 9818 3803 1376 3520 985 
1.220000e-01 9877 3830 1382 3543 988 
1.230000e-01 9950 3876 1386 3561 993 
1.240000e-01 10021 3901 1392 3590 1002 
1.250000e-01 10086 3936 1399 3606 1007 
1.260000e-01 10151 3955 1409 3638 1011 
1.270000e-01 10212 3988 1415 3657 1012 
1.280000e-01 10264 4008 1417 3676 1021 
1.290000e-01 10317 4033 1424 3693 1025 
1.300000e-01 10378 4054 1435 3713 1033 
1.310000e-01 10460 4090 1444 3740 1042 
1.320000e-01 10529 4116 1458 3761 1050 
1.330000e-01 10581 4136 1462 3780 1058 
1.340000e-01 10634 4155 1469 3801 1064 
1.350000e-01 10695 4180 1475 3826 1069 
1.360000e-01 10750 4207 1478 3841 1078 
1.370000e-01 10816 4244 1482 3860 1083 
1.380000e-01 10880 4269 1485 3884 1094 
1.390000e-01 10955 4293 1508 3903 1101 
1.400000e-01 11008 4314 1516 3918 1110 
1.410000e-01 11092 4349 1533 3942 1118 
1.420000e-01 11167 4379 1542 3970 1125 
1.430000e-01 11213 4399 1542 3986 1134 
1.440000e-01 11296 4428 1560 4015 1141 
1.450000e-01 11356 4452 1564 4040 1147 
1.460000e-01 11425 4479 1575 4061 1157 
1.470000e-01 11473 4502 1578 4075 1165 
1.480000e-01 11538 4524 1592 4096 1171 
1.490000e-01 11622 4572 1593 4124 1175 
1.500000e-01 11693 4608 1605 4142 1178 
1.510000e-01 11789 4638 1630 4169 1188 
1.520000e-01 11842 4666 1633 4184 1194 
1.530000e-01 11904 4693 1639 4204 1201 
1.540000e-01 11960 4712 1645 4230 1203 
1.550000e-01 12018 4730 1663 4244 1211 
1.560000e-01 12059 4751 1666 4256 1216 
1.570000e-01 12109 4775 1672 4274 1218 
1.580000e-01 12159 4799 1682 4286 1222 
1.590000e-01 12221 4826 1691 4307 1227 
1.600000e-01 12272 4851 1694 4322 1234 
1.610000e-01 12351 4883 1698 4362 1237 
1.620000e-01 12444 4923 1714 4390 1245 
1.630000e-01 12517 4950 1736 4409 1249 
1.640000e-01 12576 4974 1744 4426 1259 
1.650000e-01 12633 4996 1751 4446 1266 
1.660000e-01 12699 5027 1762 4466 1270 
1.670000e-01 12750 5044 1766 4490 1274 
1.680000e-01 12819 5070 1771 4517 1282 
1.690000e-01 12872 5099 1778 4528 1288 
1.700000e-01 12933 5127 1782 4548 1295 
1.710000e-01 12987 5158 1789 4559 1299 
1.720000e-01 13042 5186 1793 4575 1306 
1.730000e-01 13104 5211 1802 4598 1310 
1.740000e-01 13170 5239 1813 4616 1319 
1.750000e-01 13242 5264 1827 4638 1328 
1.760000e-01 13307 5296 1831 4660 1335 
1.770000e-01 13396 5329 1847 4687 1347 
1.780000e-01 13456 5360 1854 4702 1353 
1.790000e-01 13513 5382 1857 4722 1359 
1.800000e-01 13578 5414 1864 4739 1366 
1.810000e-01 13641 5436 1866 4762 1379 
1.820000e-01 13696 5456 1873 4778 1390 
1.830000e-01 13759 5496 1877 4793 1393 
1.840000e-01 13828 5526 1889 4815 1398 
1.850000e-01 13884 5546 1898 4838 1401 
1.860000e-01 13945 5573 1902 4861 1406 
1.870000e-01 14028 5617 1914 4881 1412 
1.880000e-01 14096 5641 1922 4911 1418 
1.890000e-01 14149 5665 1926 4932 1420 
1.900000e-01 14195 5687 1930 4945 1426 
1.910000e-01 14236 5699 1937 4957 1434 
1.920000e-01 14303 5727 1944 4979 1440 
1.930000e-01 14345 5743 1949 4995 1445 
1.940000e-01 14386 5757 1957 5008 1451 
1.950000e-01 14445 5775 1967 5029 1460 
1.960000e-01 14493 5794 1972 5047 1466 
1.970000e-01 14556 5823 1974 5066 1477 
1.980000e-01 14620 5844 1978 5090 1492 
1.990000e-01 14681 5874 1982 5108 1501 
2.000000e-01 14739 5906 1983 5125 1507 
2.010000e-01 14803 5931 1991 5147 1515 
2.020000e-01 14873 5957 2000 5172 1524 
2.030000e-01 14953 5996 2008 5194 1535 
2.040000e-01 15022 6019 2013 5227 1541 
2.050000e-01 15071 6039 2017 5248 1545 
2.060000e-01 15117 6061 2020 5266 1548 
2.070000e-01 15174 6080 2030 5288 1554 
2.080000e-01 15247 6114 2041 5309 1560 
2.090000e-01 15315 6143 2052 5327 1569 
2.100000e-01 15373 6176 2054 5345 1573 
2.110000e-01 15428 6201 2057 5364 1580 
2.120000e-01 15478 6228 2064 5374 1584 
2.130000e-01 15544 6246 2081 5401 1588 
2.140000e-01 15594 6266 2084 5413 1601 
2.150000e-01 15659 6285 2090 5438 1614 
2.160000e-01 15708 6307 2100 5451 1618 
2.170000e-01 15763 6332 2106 5467 1626 
2.180000e-01 15834 6352 2127 5488 1635 
2.190000e-01 15894 6378 2136 5508 1640 
2.200000e-01 15958 6395 2154 5526 1651 
2.210000e-01 16045 6438 2166 5552 1656 
2.220000e-01 16107 6472 2177 5562 1662 
2.230000e-01 16171 6498 2186 5582 1670 
2.240000e-01 16248 6521 2194 5607 1689 
2.250000e-01 16303 6547 2203 5618 1697 
2.260000e-01 16353 6564 2211 5635 1704 
2.270000e-01 16417 6584 2216 5666 1711 
2.280000e-01 16473 6600 2221 5689 1721 
2.290000e-01 16535 6623 2228 5707 1732 
2.300000e-01 16598 6644 2237 5728 1744 
2.310000e-01 16640 6664 2244 5737 1749 
2.320000e-01 16679 6678 2250 5751 1751 
2.330000e-01 16728 6696 2252 5768 1763 
2.340000e-01 16796 6725 2258 5792 1772 
2.350000e-01 16851 6749 2263 5812 1778 
2.360000e-01 16923 6776 2267 5841 1789 
2.370000e-01 16976 6790 2277 5863 1796 
2.380000e-01 17037 6816 2287 5883 1800 
2.390000e-01 17099 6839 2292 5901 1813 
2.400000e-01 17172 6872 2297 5923 1825 
2.410000e-01 17242 6897 2309 5943 1837 
2.420000e-01 17297 6919 2317 5955 1850 
2.430000e-01 17354 6939 2320 5982 1856 
2.440000e-01 17438 6979 2323 6016 1863 
2.450000e-01 17484 7000 2330 6031 1865 
2.460000e-01 17546 7029 2337 6048 1872 
2.470000e-01 17623 7075 2339 6070 1878 
2.480000e-01 17694 7103 2349 6087 1893 
2.490000e-01 17748 7124 2356 6104 1899 
2.500000e-01 17805 7155 2359 6117 1905 
2.510000e-01 17894 7195 2376 6139 1915 
2.520000e-01 17949 7213 2378 6160 1924 
2.530000e-01 18001 7234 2381 6177 1933 
2.540000e-01 18059 7259 2386 6194 1942 
2.550000e-01 18105 7275 2392 6213 1946 
2.560000e-01 18179 7295 2407 6238 1958 
2.570000e-01 18252 7319 2427 6258 1967 
2.580000e-01 18298 7338 2429 6277 1973 
2.590000e-01 18366 7357 2453 6297 1978 
2.600000e-01 18417 7380 2455 6315 1984 
2.610000e-01 18490 7402 2465 6345 1994 
2.620000e-01 18542 7433 2467 6361 1997 
2.630000e-01 18588 7459 2472 6373 2000 
2.640000e-01 18654 7487 2481 6398 2003 
2.650000e-01 18706 7509 2483 6414 2011 
2.660000e-01 18777 7546 2486 6434 2022 
2.670000e-01 18840 7579 2494 6448 2029 
2.680000e-01 18902 7618 2497 6464 2032 
2.690000e-01 18974 7649 2503 6490 2039 
2.700000e-01 19034 7681 2508 6507 2042 
2.710000e-01 19094 7707 2514 6531 2046 
2.720000e-01 19162 7736 2527 6550 2053 
2.730000e-01 19236 7776 2535 6565 2064 
2.740000e-01 19312 7802 2550 6590 2071 
2.750000e-01 19376 7835 2556 6612 2074 
2.760000e-01 19434 7856 2561 6629 2086 
2.770000e-01 19485 7878 2568 6644 2091 
2.780000e-01 19533 7891 2589 6654 2095 
2.790000e-01 19601 7914 2611 6670 2101 
2.800000e-01 19655 7936 2616 6685 2112 
2.810000e-01 19709 7963 2620 6705 2114 
2.820000e-01 19746 7977 2625 6719 2118 
2.830000e-01 19799 8002 2631 6732 2125 
2.840000e-01 19868 8027 2639 6758 2134 
2.850000e-01 19930 8045 2653 6774 2147 
2.860000e-01 19986 8069 2659 6792 2155 
2.870000e-01 20044 8101 2663 6807 2158 
2.880000e-01 20111 8133 2672 6825 2165 
2.890000e-01 20198 8155 2708 6844 2175 
2.900000e-01 20266 8191 2712 6859 2186 
2.910000e-01 20334 8213 2719 6886 2198 
2.920000e-01 20401 8245 2726 6901 2210 
2.930000e-01 20475 8275 2733 6929 2219 
2.940000e-01 20545 8312 2741 6947 2224 
2.950000e-01 20620 8362 2747 6960 2229 
2.960000e-01 20681 8391 2754 6978 2236 
2.970000e-01 20763 8435 2761 6999 2243 
2.980000e-01 20812 8452 2768 7012 2254 
2.990000e-01 20879 8486 2775 7031 2259 
3.000000e-01 20935 8503 2784 7054 2266 
3.010000e-01 21007 8532 2798 7074 2275 
3.020000e-01 21073 8559 2815 7094 2277 
3.030000e-01 21120 8579 2820 7110 2283 
3.040000e-01 21189 8616 2830 7127 2288 
3.050000e-01 21243 8638 2837 7142 2298 
3.060000e-01 21291 8658 2840 7164 2301 
3.070000e-01 21367 8692 2852 7184 2310 
3.080000e-01 21421 8707 2859 7206 2318 
3.090000e-01 21488 8740 2866 7224 2327 
3.100000e-01 21541 8771 2872 7237 2330 
3.110000e-01 21597 8793 2880 7254 2338 
3.120000e-01 21666 8821 2887 7279 2347 
3.130000e-01 21730 8851 2899 7292 2356 
3.140000e-01 21800 8899 2900 7304 2365 
3.150000e-01 21854 8917 2908 7328 2369 
3.160000e-01 21927 8965 2914 7343 2372 
3.170000e-01 21975 8983 2926 7356 2376 
3.180000e-01 22033 9012 2933 7372 2380 
3.190000e-01 22091 9044 2935 7390 2385 
3.200000e-01 22156 9073 2937 7412 2397 
3.210000e-01 22199 9089 2943 7427 2403 
3.220000e-01 22249 9118 2951 7435 2405 
3.230000e-01 22316 9148 2958 7456 2414 
3.240000e-01 22392 9191 2960 7477 2423 
3.250000e-01 22438 9214 2964 7489 2428 
3.260000e-01 22501 9244 2973 7504 2437 
3.270000e-01 22556 9264 2981 7521 2446 
3.280000e-01 22606 9282 2984 7531 2456 
3.290000e-01 22677 9313 2990 7553 2467 
3.300000e-01 22748 9339 3004 7574 2476 
3.310000e-01 22814 9371 3007 7593 2487 
3.320000e-01 22876 9394 3019 7611 2494 
3.330000e-01 22948 9427 3027 7633 2502 
3.340000e-01 23002 9449 3035 7649 2508 
3.350000e-01 23073 9485 3044 7662 2520 
3.360000e-01 23134 9514 3049 7684 2525 
3.370000e-01 23200 9541 3056 7707 2534 
3.380000e-01 23265 9553 3065 7738 2547 
3.390000e-01 23321 9574 3068 7759 2557 
3.400000e-01 23376 9600 3072 7773 2567 
3.410000e-01 23434 9630 3075 7787 2575 
3.420000e-01 23502 9659 3083 7808 2583 
3.430000e-01 23557 9681 3089 7830 2588 
3.440000e-01 23611 9707 3098 7849 2588 
3.450000e-01 23666 9730 3105 7867 2595 
3.460000e-01 23723 9757 3112 7882 2602 
3.470000e-01 23787 9783 3117 7904 2612 
3.480000e-01 23858 9816 3122 7928 2618 
3.490000e-01 23914 9850 3126 7940 2622 
3.500000e-01 23976 9878 3137 7958 2625 
3.510000e-01 24034 9901 3149 7977 2628 
3.520000e-01 24104 9939 3156 7998 2632 
3.530000e-01 24163 9967 3159 8019 2637 
3.540000e-01 24245 9998 3182 8036 2648 
3.550000e-01 24313 10041 3183 8053 2654 
3.560000e-01 24373 10068 3188 8072 2662 
3.570000e-01 24453 10114 3195 8093 2668 
3.580000e-01 24536 10148 3209 8113 2678 
3.590000e-01 24595 10171 3212 8136 2686 
3.600000e-01 24667 10197 3235 8152 2693 
3.610000e-01 24718 10229 3240 8163 2695 
3.620000e-01 24769 10247 3247 8181 2699 
3.630000e-01 24855 10276 3274 8203 2706 
3.640000e-01 24910 10291 3282 8222 2717 
3.650000e-01 24994 10318 3297 8252 2729 
3.660000e-01 25071 10350 3319 8271 2732 
3.670000e-01 25142 10383 3325 8297 2737 
3.680000e-01 25215 10409 3343 8312 2751 
3.690000e-01 25297 10443 3355 8330 2753 
3.700000e-01 25348 10467 3364 8343 2758 
3.710000e-01 25412 10508 3367 8357 2764 
3.720000e-01 25484 10533 3388 8377 2770 
3.730000e-01 25544 10554 3397 8397 2777 
3.740000e-01 25600 10578 3399 8413 2790 
3.750000e-01 25657 10606 3406 8428 2796 
3.760000e-01 25716 10630 3419 8442 2802 
3.770000e-01 25785 10657 3432 8467 2805 
3.780000e-01 25839 10680 3440 8483 2811 
3.790000e-01 25895 10694 3449 8504 2821 
3.800000e-01 25966 10719 3463 8530 2827 
3.810000e-01 26034 10745 3471 8551 2837 
3.820000e-01 26103 10773 3481 8574 2844 
3.830000e-01 26169 10792 3491 8603 2850 
3.840000e-01 26223 10816 3501 8617 2853 
3.850000e-01 26292 10844 3508 8643 2860 
3.860000e-01 26365 10877 3519 8660 2867 
3.870000e-01 26415 10900 3525 8672 2873 
3.880000e-01 26476 10929 3536 8686 2880 
3.890000e-01 26540 10965 3544 8700 2885 
3.900000e-01 26596 10991 3551 8718 2890 
3.910000e-01 26656 11019 3559 8732 2900 
3.920000e-01 26721 11042 3570 8748 2914 
3.930000e-01 26789 11072 3577 8774 2919 
3.940000e-01 26870 11119 3588 8794 2922 
3.950000e-01 26922 11142 3595 8810 2928 
3.960000e-01 27004 11197 3598 8823 2937 
3.970000e-01 27075 11227 3606 8846 2947 
3.980000e-01 27122 11247 3613 8858 2953 
3.990000e-01 27207 11290 3619 8877 2968 
4.000000e-01 27292 11318 3637 8906 2977 
4.010000e-01 27343 11342 3644 8922 2981 
4.020000e-01 27406 11379 3655 8932 2985 
4.030000e-01 27472 11407 3662 8955 2992 
4.040000e-01 27528 11434 3667 8968 3002 
4.050000e-01 27582 11458 3674 8983 3008 
4.060000e-01 27633 11489 3679 8997 3009 
4.070000e-01 27702 11520 3688 9017 3017 
4.080000e-01 27773 11545 3696 9031 3027 
4.090000e-01 27843 11572 3698 9054 3042 
4.100000e-01 27912 11605 3706 9077 3047 
4.110000e-01 27977 11637 3707 9094 3059 
4.120000e-01 28047 11663 3716 9117 3070 
4.130000e-01 28107 11688 3725 9134 3079 
4.140000e-01 28178 11718 3734 9155 3090 
4.150000e-01 28257 11757 3738 9184 3097 
4.160000e-01 28320 11786 3741 9206 3106 
4.170000e-01 28403 11821 3748 9232 3120 
4.180000e-01 28468 11848 3753 9250 3133 
4.190000e-01 28549 11890 3761 9265 3149 
4.200000e-01 28604 11913 3764 9282 3159 
4.210000e-01 28664 11938 3771 9299 3169 
4.220000e-01 28721 11953 3790 9315 3176 
4.230000e-01 28777 11982 3795 9332 3180 
4.240000e-01 28854 12013 3803 9355 3194 
4.250000e-01 28903 12034 3806 9370 3204 
4.260000e-01 28984 12068 3828 9387 3211 
4.270000e-01 29054 12098 3836 9410 3219 
4.280000e-01 29121 12132 3845 9427 3223 
4.290000e-01 29172 12152 3848 9445 3233 
4.300000e-01 29250 12188 3861 9469 3238 
4.310000e-01 29321 12223 3865 9491 3247 
4.320000e-01 29379 12249 3869 9507 3256 
4.330000e-01 29436 12266 3875 9528 3269 
4.340000e-01 29504 12296 3888 9547 3274 
4.350000e-01 29597 12340 3900 9573 3283 
4.360000e-01 29654 12371 3905 9589 3287 
4.370000e-01 29720 12403 3914 9605 3294 
4.380000e-01 29779 12426 3918 9625 3302 
4.390000e-01 29831 12451 3924 9639 3308 
4.400000e-01 29909 12488 3935 9657 3318 
4.410000e-01 29973 12513 3941 9680 3327 
4.420000e-01 30040 12546 3949 9696 3335 
4.430000e-01 30114 12575 3971 9712 3342 
4.440000e-01 30197 12626 3984 9720 3352 
4.450000e-01 30275 12652 3995 9748 3363 
4.460000e-01 30348 12693 4002 9761 3374 
4.470000e-01 30422 12735 4007 9774 3386 
4.480000e-01 30496 12770 4013 9795 3395 
4.490000e-01 30556 12794 4024 9813 3400 
4.500000e-01 30622 12816 4035 9832 3411 
4.510000e-01 30706 12853 4056 9850 3418 
4.520000e-01 30764 12878 4064 9867 3424 
4.530000e-01 30832 12921 4067 9880 3432 
4.540000e-01 30914 12968 4074 9901 3435 
4.550000e-01 30994 13003 4083 9927 3445 
4.560000e-01 31066 13032 4093 9948 3452 
4.570000e-01 31122 13055 4099 9966 3460 
4.580000e-01 31181 13072 4117 9981 3465 
4.590000e-01 31244 13099 4122 10002 3472 
4.600000e-01 31297 13121 4133 10012 3482 
4.610000e-01 31361 13151 4140 10032 3488 
4.620000e-01 31422 13183 4147 10047 3495 
4.630000e-01 31492 13216 4155 10067 3501 
4.640000e-01 31547 13245 4159 10081 3506 
4.650000e-01 31612 13269 4165 10103 3518 
4.660000e-01 31683 13298 4168 10132 3528 
4.670000e-01 31751 13323 4177 10152 3542 
4.680000e-01 31834 13355 4195 10178 3546 
4.690000e-01 31910 13391 4202 10196 3557 
4.700000e-01 31970 13419 4218 10206 3562 
4.710000e-01 32051 13452 4232 10231 3570 
4.720000e-01 32133 13497 4240 10246 3575 
4.730000e-01 32184 13523 4249 10254 3581 
4.740000e-01 32265 13554 4254 10284 3593 
4.750000e-01 32340 13579 4271 10307 3602 
4.760000e-01 32411 13609 4286 10323 3611 
4.770000e-01 32462 13632 4291 10333 3621 
4.780000e-01 32518 13664 4296 10345 3626 
4.790000e-01 32587 13689 4303 10373 3634 
4.800000e-01 32654 13726 4309 10393 3636 
4.810000e-01 32721 13763 4316 10411 3641 
4.820000e-01 32797 13799 4326 10434 3645 
4.830000e-01 32861 13828 4332 10455 3651 
4.840000e-01 32925 13863 4344 10468 3654 
4.850000e-01 32980 13897 4346 10478 3660 
4.860000e-01 33047 13927 4355 10499 3666 
4.870000e-01 33098 13951 4360 10513 3673 
4.880000e-01 33162 13976 4372 10534 3678 
4.890000e-01 33228 14000 4384 10553 3688 
4.900000e-01 33292 14020 4394 10569 3702 
4.910000e-01 33363 14057 4403 10589 3707 
4.920000e-01 33442 14095 4417 10610 3712 
4.930000e-01 33486 14113 4422 10631 3712 
4.940000e-01 33560 14155 4426 10646 3724 
4.950000e-01 33652 14205 4433 10663 3738 
4.960000e-01 33747 14247 4457 10683 3747 
4.970000e-01 33805 14278 4465 10693 3755 
4.980000e-01 33878 14320 4476 10707 3760 
4.990000e-01 33961 14366 4481 10729 3767 
5.000000e-01 34031 14395 4490 10747 3778 
5.010000e-01 34114 14437 4502 10760 3791 
5.020000e-01 34179 14468 4511 10776 3799 
5.030000e-01 34236 14491 4524 10788 3808 
5.040000e-01 34300 14517 4539 10798 3819 
5.050000e-01 34357 14542 4551 10812 3823 
5.060000e-01 34414 14579 4556 10821 3829 
5.070000e-01 34506 14612 4587 10836 3838 
5.080000e-01 34582 14637 4606 10858 3848 
5.090000e-01 34670 14671 4632 10878 3855 
5.100000e-01 34735 14696 4642 10899 3860 
5.110000e-01 34797 14725 4649 10916 3864 
5.120000e-01 34868 14745 4663 10939 3876 
5.130000e-01 34943 14775 4674 10958 3891 
5.140000e-01 35008 14812 4684 10968 3897 
5.150000e-01 35095 14857 4698 10992 3901 
5.160000e-01 35147 14877 4705 11010 3907 
5.170000e-01 35223 14922 4711 11025 3916 
5.180000e-01 35294 14955 4718 11042 3925 
5.190000e-01 35371 14990 4727 11057 3937 
5.200000e-01 35436 15019 4733 11073 3951 
5.210000e-01 35512 15057 4738 11100 3957 
5.220000e-01 35585 15096 4746 11119 3963 
5.230000e-01 35675 15137 4767 11136 3973 
5.240000e-01 35748 15173 4774 11160 3978 
5.250000e-01 35830 15213 4780 11187 3986 
5.260000e-01 35888 15238 4789 11202 3993 
5.270000e-01 35965 15265 4804 11230 3997 
5.280000e-01 36040 15296 4817 11248 4010 
5.290000e-01 36110 15327 4829 11263 4019 
5.300000e-01 36174 15364 4836 11274 4027 
5.310000e-01 36235 15398 4842 11286 4035 
5.320000e-01 36299 15425 4849 11304 4045 
5.330000e-01 36359 15455 4857 11319 4051 
5.340000e-01 36438 15492 4872 11339 4054 
5.350000e-01 36489 15519 4877 11351 4060 
5.360000e-01 36552 15548 4883 11369 4068 
5.370000e-01 36636 15577 4905 11390 4080 
5.380000e-01 36723 15612 4927 11410 4089 
5.390000e-01 36784 15645 4931 11427 4095 
5.400000e-01 36875 15697 4938 11452 4100 
5.410000e-01 36928 15727 4942 11467 4103 
5.420000e-01 36987 15758 4954 11482 4104 
5.430000e-01 37044 15787 4962 11496 4110 
5.440000e-01 37112 15812 4967 11518 4126 
5.450000e-01 37172 15840 4977 11532 4133 
5.460000e-01 37272 15880 5003 11554 4145 
5.470000e-01 37340 15908 5015 11575 4152 
5.480000e-01 37423 15943 5028 11605 4156 
5.490000e-01 37510 15991 5051 11617 4160 
5.500000e-01 37588 16031 5067 11632 4165 
5.510000e-01 37655 16060 5070 11659 4172 
5.520000e-01 37723 16093 5085 11669 4180 
5.530000e-01 37810 16128 5104 11691 4188 
5.540000e-01 37864 16148 5104 11715 4196 
5.550000e-01 37919 16171 5108 11729 4210 
5.560000e-01 37997 16200 5121 11749 4223 
5.570000e-01 38067 16226 5129 11770 4234 
5.580000e-01 38125 16243 5138 11792 4244 
5.590000e-01 38189 16276 5147 11805 4249 
5.600000e-01 38268 16317 5154 11821 4262 
5.610000e-01 38352 16345 5183 11836 4274 
5.620000e-01 38443 16397 5190 11855 4284 
5.630000e-01 38516 16426 5197 11877 4295 
5.640000e-01 38590 16461 5206 11894 4307 
5.650000e-01 38669 16496 5212 11918 4319 
5.660000e-01 38752 16538 5224 11939 4326 
5.670000e-01 38836 16578 5230 11964 4335 
5.680000e-01 38903 16603 5242 11983 4344 
5.690000e-01 38985 16633 5258 12009 4352 
5.700000e-01 39055 16665 5269 12023 4362 
5.710000e-01 39115 16692 5278 12040 4367 
5.720000e-01 39197 16729 5289 12062 4377 
5.730000e-01 39269 16769 5291 12080 4388 
5.740000e-01 39337 16796 5303 12096 4399 
5.750000e-01 39405 16819 5316 12118 4407 
5.760000e-01 39474 16849 5326 12136 4418 
5.770000e-01 39556 16898 5331 12152 4430 
5.780000e-01 39647 16942 5340 12173 4444 
5.790000e-01 39729 16972 5352 12200 4455 
5.800000e-01 39788 16995 5360 12214 4468 
5.810000e-01 39854 17024 5366 12238 4473 
5.820000e-01 39945 17075 5379 12259 4478 
5.830000e-01 39997 17095 5390 12277 4481 
5.840000e-01 40069 17133 5400 12288 4487 
5.850000e-01 40135 17177 5403 12299 4495 
5.860000e-01 40203 17198 5411 12322 4506 
5.870000e-01 40251 17219 5416 12336 4514 
5.880000e-01 40324 17258 5422 12349 4526 
5.890000e-01 40385 17284 5428 12366 4534 
5.900000e-01 40467 17331 5434 12384 4544 
5.910000e-01 40548 17368 5440 12407 4556 
5.920000e-01 40616 17403 5448 12425 4561 
5.930000e-01 40691 17429 5461 12446 4574 
5.940000e-01 40786 17477 5475 12472 4580 
5.950000e-01 40866 17509 5492 12494 4588 
5.960000e-01 40908 17527 5498 12504 4594 
5.970000e-01 40980 17553 5515 12523 4603 
5.980000e-01 41056 17594 5521 12541 4611 
5.990000e-01 41120 17627 5532 12554 4618 
6.000000e-01 41196 17669 5538 12576 4623 
6.010000e-01 41257 17694 5548 12591 4632 
6.020000e-01 41354 17753 5558 12604 4640 
6.030000e-01 41459 17785 5584 12629 4650 
6.040000e-01 41527 17814 5598 12645 4658 
6.050000e-01 41620 17852 5622 12664 4669 
6.060000e-01 41714 17890 5657 12672 4681 
6.070000e-01 41791 17921 5663 12704 4688 
6.080000e-01 41857 17948 5677 12721 4695 
6.090000e-01 41945 17993 5687 12743 4704 
6.100000e-01 42009 18023 5690 12764 4714 
6.110000e-01 42073 18054 5698 12778 4724 
6.120000e-01 42146 18096 5709 12792 4730 
6.130000e-01 42257 18154 5731 12815 4737 
6.140000e-01 42343 18202 5743 12834 4742 
6.150000e-01 42425 18244 5751 12858 4749 
6.160000e-01 42539 18319 5769 12870 4758 
6.170000e-01 42613 18359 5776 12890 4764 
6.180000e-01 42674 18386 5783 12909 4772 
6.190000e-01 42758 18436 5794 12925 4777 
6.200000e-01 42839 18475 5804 12945 4787 
6.210000e-01 42916 18515 5814 12961 4797 
6.220000e-01 42996 18550 5822 12987 4807 
6.230000e-01 43069 18582 5834 13003 4815 
6.240000e-01 43151 18616 5846 13028 4825 
6.250000e-01 43213 18653 5853 13043 4828 
6.260000e-01 43306 18696 5874 13065 4834 
6.270000e-01 43390 18733 5881 13089 4845 
6.280000e-01 43461 18767 5888 13108 4856 
6.290000e-01 43544 18807 5898 13124 4869 
6.300000e-01 43632 18844 5917 13145 4878 
6.310000e-01 43695 18877 5925 13160 4882 
6.320000e-01 43772 18915 5935 13183 4887 
6.330000e-01 43840 18948 5946 13202 4890 
6.340000e-01 43934 18982 5974 13224 4896 
6.350000e-01 44003 19023 5980 13240 4902 
6.360000e-01 44070 19061 5990 13256 4905 
6.370000e-01 44146 19085 6013 13271 4918 
6.380000e-01 44223 19120 6020 13291 4932 
6.390000e-01 44313 19168 6030 13308 4944 
6.400000e-01 44390 19200 6043 13330 4952 
6.410000e-01 44488 19245 6058 13354 4962 
6.420000e-01 44559 19283 6066 13365 4974 
6.430000e-01 44650 19328 6079 13388 4983 
6.440000e-01 44719 19372 6085 13397 4991 
6.450000e-01 44786 19407 6094 13412 4998 
6.460000e-01 44864 19450 6105 13425 5009 
6.470000e-01 44944 19495 6117 13437 5019 
6.480000e-01 45006 19513 6134 13453 5029 
6.490000e-01 45069 19540 6144 13475 5033 
6.500000e-01 45154 19569 6172 13494 5042 
6.510000e-01 45231 19600 6186 13513 5054 
6.520000e-01 45316 19628 6212 13531 5065 
6.530000e-01 45411 19676 6219 13554 5081 
6.540000e-01 45505 19701 6256 13570 5092 
6.550000e-01 45589 19749 6267 13584 5103 
6.560000e-01 45679 19795 6277 13602 5113 
6.570000e-01 45768 19833 6285 13631 5123 
6.580000e-01 45839 19869 6293 13650 5127 
6.590000e-01 45943 19924 6306 13677 5134 
6.600000e-01 46024 19959 6314 13700 5147 
6.610000e-01 46114 19995 6327 13731 5155 
6.620000e-01 46177 20030 6345 13740 5156 
6.630000e-01 46254 20065 6353 13762 5167 
6.640000e-01 46336 20110 6370 13776 5172 
6.650000e-01 46425 20153 6393 13792 5178 
6.660000e-01 46510 20185 6419 13808 5185 
6.670000e-01 46591 20234 6431 13822 5190 
6.680000e-01 46670 20268 6444 13837 5202 
6.690000e-01 46764 20307 6458 13871 5208 
6.700000e-01 46873 20344 6501 13890 5217 
6.710000e-01 46936 20380 6505 13909 5220 
6.720000e-01 47018 20425 6516 13924 5230 
6.730000e-01 47089 20462 6523 13940 5241 
6.740000e-01 47171 20507 6529 13956 5250 
6.750000e-01 47229 20528 6543 13970 5256 
6.760000e-01 47309 20565 6560 13983 5268 
6.770000e-01 47379 20595 6574 13997 5278 
6.780000e-01 47452 20633 6579 14016 5287 
6.790000e-01 47519 20661 6590 14037 5294 
6.800000e-01 47608 20700 6605 14053 5311 
6.810000e-01 47676 20736 6612 14069 5318 
6.820000e-01 47759 20781 6624 14086 5324 
6.830000e-01 47823 20807 6631 14103 5336 
6.840000e-01 47902 20845 6642 14120 5348 
6.850000e-01 47969 20875 6651 14133 5360 
6.860000e-01 48034 20910 6660 14149 5365 
6.870000e-01 48110 20953 6670 14163 5374 
6.880000e-01 48192 20998 6678 14185 5381 
6.890000e-01 48271 21019 6706 14206 5388 
6.900000e-01 48352 21052 6722 14223 5399 
6.910000e-01 48443 21093 6732 14244 5415 
6.920000e-01 48529 21137 6740 14261 5429 
6.930000e-01 48640 21201 6750 14288 5437 
6.940000e-01 48745 21256 6772 14307 5444 
6.950000e-01 48834 21300 6782 14324 5450 
6.960000e-01 48924 21355 6792 14339 5459 
6.970000e-01 49007 21401 6802 14358 5466 
6.980000e-01 49094 21460 6807 14373 5473 
6.990000e-01 49181 21499 6821 14386 5487 
7.000000e-01 49257 21527 6833 14406 5498 
7.010000e-01 49354 21569 6856 14430 5503 
7.020000e-01 49434 21610 6867 14448 5510 
7.030000e-01 49530 21660 6882 14468 5518 
7.040000e-01 49604 21698 6894 14485 5525 
7.050000e-01 49702 21751 6907 14511 5530 
7.060000e-01 49790 21800 6913 14531 5540 
7.070000e-01 49909 21867 6933 14552 5551 
7.080000e-01 49985 21901 6943 14579 5555 
7.090000e-01 50071 21943 6952 14599 5565 
7.100000e-01 50137 21980 6956 14618 5570 
7.110000e-01 50234 22034 6970 14633 5584 
7.120000e-01 50293 22055 6981 14646 5595 
7.130000e-01 50417 22115 7017 14663 5605 
7.140000e-01 50512 22161 7038 14685 5611 
7.150000e-01 50613 22209 7053 14710 5621 
7.160000e-01 50700 22255 7064 14734 5626 
7.170000e-01 50796 22305 7089 14748 5633 
7.180000e-01 50900 22357 7107 14772 5641 
7.190000e-01 50982 22402 7119 14786 5649 
7.200000e-01 51078 22446 7136 14809 5661 
7.210000e-01 51158 22481 7152 14827 5671 
7.220000e-01 51241 22529 7164 14839 5679 
7.230000e-01 51331 22574 7187 14853 5685 
7.240000e-01 51413 22608 7205 14872 5695 
7.250000e-01 51494 22635 7221 14896 5706 
7.260000e-01 51568 22678 7230 14908 5716 
7.270000e-01 51645 22724 7239 14918 5726 
7.280000e-01 51762 22765 7286 14937 5735 
7.290000e-01 51853 22818 7296 14957 5742 
7.300000e-01 51942 22862 7307 14968 5758 
7.310000e-01 52047 22923 7323 14984 5770 
7.320000e-01 52138 22960 7339 15009 5780 
7.330000e-01 52210 22995 7357 15023 5784 
7.340000e-01 52275 23041 7365 15032 5786 
7.350000e-01 52352 23073 7383 15049 5795 
7.360000e-01 52440 23111 7400 15066 5809 
7.370000e-01 52534 23164 7411 15085 5817 
7.380000e-01 52608 23203 7417 15106 5825 
7.390000e-01 52673 23233 7430 15120 5832 
7.400000e-01 52759 23277 7439 15144 5838 
7.410000e-01 52847 23317 7454 15162 5849 
7.420000e-01 52913 23340 7466 15182 5855 
7.430000e-01 52987 23378 7474 15200 5864 
7.440000e-01 53092 23424 7501 15220 5875 
7.450000e-01 53191 23459 7528 15243 5885 
7.460000e-01 53271 23507 7537 15260 5891 
7.470000e-01 53380 23560 7553 15284 5902 
7.480000e-01 53470 23597 7573 15305 5913 
7.490000e-01 53541 23645 7581 15313 5920 
7.500000e-01 53636 23698 7603 15323 5926 
7.510000e-01 53720 23736 7624 15334 5938 
7.520000e-01 53816 23791 7633 15355 5948 
7.530000e-01 53890 23837 7642 15368 5952 
7.540000e-01 53997 23908 7652 15385 5956 
7.550000e-01 54077 23955 7657 15405 5962 
7.560000e-01 54173 24006 7673 15418 5975 
7.570000e-01 54255 24054 7688 15427 5983 
7.580000e-01 54348 24102 7707 15446 5988 
7.590000e-01 54450 24169 7717 15461 5997 
7.600000e-01 54532 24207 7728 15480 6009 
7.610000e-01 54605 24252 7738 15492 6013 
7.620000e-01 54669 24274 7752 15509 6023 
7.630000e-01 54768 24329 7760 15533 6032 
7.640000e-01 54858 24373 7773 15552 6042 
7.650000e-01 54961 24433 7781 15567 6059 
7.660000e-01 55048 24474 7795 15588 6067 
7.670000e-01 55132 24521 7807 15605 6073 
7.680000e-01 55210 24552 7824 15625 6081 
7.690000e-01 55310 24606 7844 15641 6088 
7.700000e-01 55373 24638 7853 15655 6096 
7.710000e-01 55460 24679 7867 15675 6106 
7.720000e-01 55551 24733 7885 15689 6109 
7.730000e-01 55620 24770 7894 15702 6118 
7.740000e-01 55717 24823 7908 15727 6121 
7.750000e-01 55807 24865 7924 15749 6128 
7.760000e-01 55896 24908 7948 15764 6135 
7.770000e-01 56013 24976 7966 15782 6148 
7.780000e-01 56097 25014 7980 15805 6157 
7.790000e-01 56172 25045 7997 15818 6170 
7.800000e-01 56263 25087 8018 15838 6177 
7.810000e-01 56409 25172 8050 15852 6186 
7.820000e-01 56536 25230 8070 15886 6198 
7.830000e-01 56612 25263 8087 15902 6208 
7.840000e-01 56693 25306 8098 15920 6215 
7.850000e-01 56779 25352 8119 15931 6220 
7.860000e-01 56897 25393 8166 15945 6235 
7.870000e-01 56970 25434 8171 15962 6244 
7.880000e-01 57073 25494 8184 15983 6251 
7.890000e-01 57182 25540 8220 16000 6260 
7.900000e-01 57294 25593 8230 16035 6272 
7.910000e-01 57400 25650 8252 16051 6280 
7.920000e-01 57475 25686 8266 16070 6284 
7.930000e-01 57565 25733 8277 16093 6290 
7.940000e-01 57664 25788 8287 16113 6303 
7.950000e-01 57748 25814 8316 16128 6315 
7.960000e-01 57830 25858 8327 16147 6321 
7.970000e-01 57903 25896 8342 16160 6324 
7.980000e-01 57998 25937 8364 16183 6329 
7.990000e-01 58098 25987 8393 16192 6337 
8.000000e-01 58191 26031 8404 16210 6352 
8.010000e-01 58295 26094 8413 16232 6360 
8.020000e-01 58401 26151 8441 16245 6365 
8.030000e-01 58494 26208 8453 16259 6372 
8.040000e-01 58602 26276 8470 16274 6379 
8.050000e-01 58709 26329 8506 16284 6384 
8.060000e-01 58795 26373 8528 16296 6391 
8.070000e-01 58906 26433 8552 16315 6398 
8.080000e-01 59013 26483 8580 16331 6408 
8.090000e-01 59102 26535 8587 16353 6414 
8.100000e-01 59193 26582 8600 16372 6424 
8.110000e-01 59295 26628 8620 16401 6430 
8.120000e-01 59415 26689 8644 16421 6441 
8.130000e-01 59517 26745 8662 16444 6445 
8.140000e-01 59616 26798 8675 16466 6453 
8.150000e-01 59699 26847 8687 16479 6461 
8.160000e-01 59788 26892 8705 16496 6467 
8.170000e-01 59887 26953 8716 16514 6476 
8.180000e-01 60009 27006 8759 16531 6482 
8.190000e-01 60091 27039 8773 16554 6486 
8.200000e-01 60185 27090 8792 16572 6492 
8.210000e-01 60272 27136 8809 16585 6502 
8.220000e-01 60372 27186 8823 16610 6509 
8.230000e-01 60477 27255 8840 16620 6514 
8.240000e-01 60576 27320 8855 16634 6517 
8.250000e-01 60684 27369 8886 16651 6527 
8.260000e-01 60763 27407 8898 16668 6536 
8.270000e-01 60872 27448 8940 16685 6542 
8.280000e-01 60965 27508 8950 16704 6546 
8.290000e-01 61068 27559 8986 16717 6549 
8.300000e-01 61154 27604 8998 16739 6555 
8.310000e-01 61280 27664 9028 16765 6563 
8.320000e-01 61391 27725 9049 16786 6571 
8.330000e-01 61512 27795 9069 16803 6584 
8.340000e-01 61615 27857 9079 16823 6592 
8.350000e-01 61714 27909 9098 16845 6596 
8.360000e-01 61829 27974 9121 16862 6605 
8.370000e-01 61917 28023 9132 16882 6612 
8.380000e-01 62018 28068 9153 16908 6621 
8.390000e-01 62111 28128 9165 16923 6627 
8.400000e-01 62207 28187 9173 16945 6632 
8.410000e-01 62281 28229 9192 16954 6635 
8.420000e-01 62364 28273 9205 16965 6646 
8.430000e-01 62496 28354 9225 16984 6657 
8.440000e-01 62621 28419 9237 17021 6666 
8.450000e-01 62727 28490 9254 17035 6670 
8.460000e-01 62845 28540 9290 17053 6681 
8.470000e-01 62932 28590 9305 17067 6687 
8.480000e-01 63032 28634 9331 17090 6692 
8.490000e-01 63147 28708 9343 17108 6702 
8.500000e-01 63237 28765 9351 17122 6710 
8.510000e-01 63364 28828 9390 17142 6713 
8.520000e-01 63471 28887 9405 17163 6724 
8.530000e-01 63609 28973 9430 17176 6735 
8.540000e-01 63718 29039 9444 17199 6739 
8.550000e-01 63832 29109 9456 17222 6747 
8.560000e-01 63944 29170 9470 17242 6761 
8.570000e-01 64068 29248 9484 17260 6772 
8.580000e-01 64174 29309 9503 17280 6777 
8.590000e-01 64305 29371 9522 17301 6788 
8.600000e-01 64380 29408 9545 17313 6789 
8.610000e-01 64499 29469 9575 17332 6795 
8.620000e-01 64599 29524 9590 17353 6803 
8.630000e-01 64695 29564 9609 17384 6807 
8.640000e-01 64788 29612 9626 17399 6815 
8.650000e-01 64909 29690 9642 17416 6823 
8.660000e-01 65038 29769 9662 17438 6826 
8.670000e-01 65152 29839 9676 17455 6836 
8.680000e-01 65271 29893 9715 17471 6843 
8.690000e-01 65363 29948 9725 17492 6847 
8.700000e-01 65465 30006 9738 17514 6855 
8.710000e-01 65555 30063 9754 17519 6863 
8.720000e-01 65650 30121 9768 17533 6868 
8.730000e-01 65768 30189 9791 17547 6874 
8.740000e-01 65883 30261 9806 17568 6880 
8.750000e-01 66017 30343 9827 17578 6894 
8.760000e-01 66138 30403 9862 17589 6908 
8.770000e-01 66266 30483 9876 17609 6920 
8.780000e-01 66395 30557 9891 17634 6935 
8.790000e-01 66484 30603 9912 17651 6938 
8.800000e-01 66578 30654 9927 17664 6949 
8.810000e-01 66694 30713 9949 17687 6958 
8.820000e-01 66793 30755 9969 17717 6965 
8.830000e-01 66908 30825 9990 17733 6970 
8.840000e-01 67007 30882 10008 17752 6974 
8.850000e-01 67118 30941 10027 17777 6979 
8.860000e-01 67247 31013 10043 17798 6986 
8.870000e-01 67382 31098 10071 17813 6991 
8.880000e-01 67496 31159 10091 17836 6998 
8.890000e-01 67591 31225 10103 17845 7005 
8.900000e-01 67715 31286 10141 17861 7012 
8.910000e-01 67837 31347 10173 17882 7017 
8.920000e-01 67950 31418 10196 17892 7023 
8.930000e-01 68065 31477 10235 17901 7029 
8.940000e-01 68172 31537 10259 17915 7035 
8.950000e-01 68288 31602 10282 17934 7041 
8.960000e-01 68420 31679 10301 17956 7050 
8.970000e-01 68528 31752 10312 17974 7055 
8.980000e-01 68628 31812 10323 17993 7064 
8.990000e-01 68748 31884 10336 18016 7073 
9.000000e-01 68859 31947 10358 18037 7078 
9.010000e-01 68970 32008 10373 18056 7092 
9.020000e-01 69123 32099 10393 18085 7100 
9.030000e-01 69258 32184 10412 18109 7105 
9.040000e-01 69387 32267 10426 18134 7111 
9.050000e-01 69496 32337 10441 18150 7118 
9.060000e-01 69623 32405 10473 18162 7130 
9.070000e-01 69770 32475 10515 18189 7137 
9.080000e-01 69895 32545 10543 18206 7144 
9.090000e-01 70012 32620 10561 18218 7155 
9.100000e-01 70142 32699 10578 18236 7166 
9.110000e-01 70271 32767 10608 18256 7173 
9.120000e-01 70385 32832 10628 18278 7180 
9.130000e-01 70479 32886 10643 18295 7181 
9.140000e-01 70627 32969 10667 18327 7186 
9.150000e-01 70736 33034 10683 18345 7194 
9.160000e-01 70870 33111 10711 18360 7204 
9.170000e-01 71007 33202 10729 18373 7216 
9.180000e-01 71151 33291 10744 18398 7225 
9.190000e-01 71299 33369 10793 18409 7231 
9.200000e-01 71401 33440 10800 18431 7233 
9.210000e-01 71541 33518 10824 18454 7246 
9.220000e-01 71671 33606 10836 18476 7254 
9.230000e-01 71824 33695 10873 18494 7262 
9.240000e-01 71949 33761 10898 18517 7269 
9.250000e-01 72100 33847 10922 18545 7277 
9.260000e-01 72237 33932 10945 18562 7283 
9.270000e-01 72355 33999 10961 18583 7293 
9.280000e-01 72470 34082 10972 18598 7297 
9.290000e-01 72612 34163 11000 18619 7302 
9.300000e-01 72771 34248 11030 18648 7313 
9.310000e-01 72891 34319 11055 18662 7320 
9.320000e-01 73071 34418 11102 18684 7326 
9.330000e-01 73205 34496 11117 18716 7332 
9.340000e-01 73332 34576 11137 18730 7338 
9.350000e-01 73509 34668 11174 18771 7344 
9.360000e-01 73674 34782 11193 18791 7355 
9.370000e-01 73811 34867 11214 18808 7366 
9.380000e-01 73968 34961 11232 18835 7378 
9.390000e-01 74133 35041 11278 18861 7390 
9.400000e-01 74306 35151 11301 18889 7398 
9.410000e-01 74457 35258 11318 18907 7403 
9.420000e-01 74640 35369 11354 18926 7419 
9.430000e-01 74796 35458 11374 18961 7427 
9.440000e-01 74940 35561 11393 18979 7429 
9.450000e-01 75081 35634 11425 18997 7437 
9.460000e-01 75288 35766 11465 19014 7449 
9.470000e-01 75446 35862 11492 19038 7456 
9.480000e-01 75597 35952 11524 19050 7470 
9.490000e-01 75775 36060 11549 19077 7482 
9.500000e-01 75931 36157 11568 19100 7497 
9.510000e-01 76098 36251 11592 19130 7509 
9.520000e-01 76291 36358 11647 19148 7513 
9.530000e-01 76430 36442 11667 19163 7522 
9.540000e-01 76601 36543 11701 19183 7529 
9.550000e-01 76776 36639 11748 19206 7534 
9.560000e-01 76954 36751 11777 19232 7540 
9.570000e-01 77130 36870 11805 19250 7542 
9.580000e-01 77291 36968 11828 19273 7552 
9.590000e-01 77473 37069 11870 19299 7563 
9.600000e-01 77656 37175 11911 19323 7572 
9.610000e-01 77807 37268 11936 19343 7585 
9.620000e-01 78010 37398 11968 19366 7599 
9.630000e-01 78198 37513 11997 19390 7610 
9.640000e-01 78370 37626 12017 19410 7621 
9.650000e-01 78537 37739 12037 19434 7624 
9.660000e-01 78750 37872 12078 19457 7633 
9.670000e-01 78912 37989 12104 19469 7639 
9.680000e-01 79136 38130 12144 19488 7655 
9.690000e-01 79365 38260 12196 19520 7664 
9.700000e-01 79542 38356 12236 19548 7671 
9.710000e-01 79738 38461 12280 19571 7684 
9.720000e-01 79957 38609 12310 19597 7694 
9.730000e-01 80149 38745 12332 19616 7701 
9.740000e-01 80352 38892 12361 19635 7704 
9.750000e-01 80555 39018 12406 19657 7709 
9.760000e-01 80789 39162 12458 19676 7719 
9.770000e-01 81031 39319 12507 19696 7729 
9.780000e-01 81265 39471 12551 19718 7740 
9.790000e-01 81480 39614 12592 19732 7753 
9.800000e-01 81692 39746 12636 19756 7761 
9.810000e-01 81953 39927 12677 19781 7770 
9.820000e-01 82251 40105 12743 19819 7781 
9.830000e-01 82491 40237 12800 19852 7795 
9.840000e-01 82756 40404 12841 19889 7805 
9.850000e-01 83024 40557 12892 19927 7827 
9.860000e-01 83308 40733 12942 19952 7839 
9.870000e-01 83642 40938 13000 19992 7849 
9.880000e-01 83913 41132 13038 20020 7856 
9.890000e-01 84190 41308 13088 20053 7864 
9.900000e-01 84514 41519 13146 20089 7875 
9.910000e-01 84853 41724 13225 20114 7885 
9.920000e-01 85164 41937 13264 20144 7902 
9.930000e-01 85535 42176 13328 20185 7918 
9.940000e-01 85946 42455 13384 20230 7937 
9.950000e-01 86396 42771 13438 20279 7953 
9.960000e-01 86871 43085 13522 20305 7978 
9.970000e-01 87447 43471 13614 20366 7999 
9.980000e-01 88042 43873 13723 20414 8014 
9.990000e-01 88794 44384 13849 20488 8039 
1.000000e+00 186056 114657 30864 27143 9192 
