 20.000  21.000  22.000  22.500
1.000436e-03 15 11 4 0 0 
2.000436e-03 22 15 5 1 1 
3.000436e-03 26 18 6 1 1 
4.000435e-03 28 20 6 1 1 
5.000435e-03 32 21 6 4 1 
6.000434e-03 34 23 6 4 1 
7.000434e-03 37 25 6 5 1 
8.000433e-03 43 28 8 6 1 
9.000433e-03 49 33 9 6 1 
1.000043e-02 50 34 9 6 1 
1.100043e-02 54 36 11 6 1 
1.200043e-02 57 39 11 6 1 
1.300043e-02 58 40 11 6 1 
1.400043e-02 59 41 11 6 1 
1.500043e-02 64 45 11 6 2 
1.600043e-02 69 50 11 6 2 
1.700043e-02 70 51 11 6 2 
1.800043e-02 73 53 11 6 2 
1.900043e-02 74 54 11 6 2 
2.000043e-02 76 56 11 6 2 
2.100043e-02 81 60 12 6 2 
2.200043e-02 86 63 13 6 2 
2.300043e-02 88 64 13 6 2 
2.400043e-02 89 65 13 6 2 
2.500043e-02 94 69 14 6 2 
2.600043e-02 95 70 14 6 2 
2.700043e-02 98 73 14 6 2 
2.800042e-02 105 80 14 6 2 
2.900042e-02 112 83 15 7 2 
3.000042e-02 113 83 16 7 2 
3.100042e-02 114 84 16 7 2 
3.200042e-02 116 85 16 7 2 
3.300042e-02 121 90 16 7 2 
3.400042e-02 134 102 17 7 2 
3.500042e-02 141 107 19 7 2 
3.600042e-02 146 111 19 8 2 
3.700042e-02 153 117 20 8 2 
3.800042e-02 157 120 21 8 2 
3.900042e-02 167 130 21 8 2 
4.000042e-02 176 139 21 8 2 
4.100042e-02 185 147 21 8 2 
4.200042e-02 189 151 21 8 2 
4.300042e-02 195 157 21 8 2 
4.400042e-02 202 164 21 8 2 
4.500042e-02 207 169 21 8 2 
4.600042e-02 209 169 23 8 2 
4.700042e-02 215 174 23 9 2 
4.800042e-02 220 179 23 9 2 
4.900042e-02 226 184 23 9 2 
5.000042e-02 238 191 27 9 2 
5.100041e-02 243 195 27 10 2 
5.200041e-02 253 204 28 10 2 
5.300041e-02 259 208 29 11 2 
5.400041e-02 262 209 31 11 2 
5.500041e-02 268 215 31 11 2 
5.600041e-02 280 223 34 12 2 
5.700041e-02 301 229 49 12 2 
5.800041e-02 308 236 49 12 2 
5.900041e-02 315 243 49 12 2 
6.000041e-02 321 248 50 12 2 
6.100041e-02 326 251 52 12 2 
6.200041e-02 331 256 52 12 2 
6.300041e-02 335 259 53 12 2 
6.400041e-02 342 265 54 12 2 
6.500041e-02 352 275 54 12 2 
6.600041e-02 361 283 54 13 2 
6.700041e-02 375 283 68 13 2 
6.800041e-02 386 294 68 13 2 
6.900041e-02 397 304 68 13 2 
7.000041e-02 400 306 68 13 2 
7.100041e-02 409 315 68 13 2 
7.200041e-02 416 322 68 13 2 
7.300040e-02 425 330 69 13 2 
7.400040e-02 440 343 71 13 2 
7.500040e-02 454 355 72 13 2 
7.600040e-02 455 356 72 13 2 
7.700040e-02 460 361 72 13 2 
7.800040e-02 464 363 73 14 2 
7.900040e-02 469 367 73 15 2 
8.000040e-02 474 371 73 16 2 
8.100040e-02 481 376 75 16 2 
8.200040e-02 488 383 75 16 2 
8.300040e-02 496 390 76 16 2 
8.400040e-02 501 394 77 16 2 
8.500040e-02 511 401 78 17 2 
8.600040e-02 520 410 78 17 2 
8.700040e-02 522 412 78 17 2 
8.800040e-02 531 421 78 17 2 
8.900040e-02 548 436 79 17 2 
9.000040e-02 555 443 79 17 2 
9.100040e-02 564 452 79 17 2 
9.200040e-02 570 458 79 17 2 
9.300040e-02 579 465 81 17 2 
9.400040e-02 587 472 81 17 2 
9.500040e-02 596 481 81 17 2 
9.600039e-02 601 485 81 18 2 
9.700039e-02 615 495 84 18 2 
9.800039e-02 623 501 85 19 2 
9.900039e-02 639 516 86 19 2 
1.000004e-01 650 527 86 19 2 
1.010004e-01 668 542 88 20 2 
1.020004e-01 684 557 88 20 2 
1.030004e-01 691 561 89 20 2 
1.040004e-01 701 571 89 20 2 
1.050004e-01 711 578 91 20 3 
1.060004e-01 720 585 91 21 3 
1.070004e-01 735 600 91 21 3 
1.080004e-01 747 608 93 23 3 
1.090004e-01 754 614 94 23 3 
1.100004e-01 772 632 94 23 3 
1.110004e-01 787 646 94 23 3 
1.120004e-01 791 650 94 23 3 
1.130004e-01 804 662 94 24 3 
1.140004e-01 807 665 94 24 3 
1.150004e-01 823 680 94 25 3 
1.160004e-01 833 690 94 25 3 
1.170004e-01 845 702 94 25 3 
1.180004e-01 856 711 94 25 4 
1.190004e-01 870 719 96 25 4 
1.200004e-01 874 722 97 25 4 
1.210004e-01 878 726 97 25 4 
1.220004e-01 891 738 97 25 4 
1.230004e-01 906 750 98 26 4 
1.240004e-01 917 759 99 26 4 
1.250004e-01 925 767 99 26 4 
1.260004e-01 928 770 99 26 4 
1.270004e-01 938 776 99 26 7 
1.280004e-01 955 791 99 26 7 
1.290004e-01 969 804 100 26 7 
1.300004e-01 998 830 100 27 7 
1.310004e-01 1007 838 100 27 7 
1.320004e-01 1017 848 100 27 7 
1.330004e-01 1024 852 100 27 8 
1.340004e-01 1034 862 100 27 8 
1.350004e-01 1039 867 100 27 8 
1.360004e-01 1050 878 100 27 8 
1.370004e-01 1059 885 101 27 8 
1.380004e-01 1072 894 101 27 8 
1.390004e-01 1076 897 101 27 9 
1.400004e-01 1082 901 101 27 9 
1.410004e-01 1088 907 101 27 9 
1.420004e-01 1100 918 101 27 10 
1.430004e-01 1107 925 101 27 10 
1.440004e-01 1116 933 101 28 10 
1.450004e-01 1127 942 101 30 10 
1.460004e-01 1133 948 101 30 10 
1.470004e-01 1146 958 102 31 11 
1.480004e-01 1150 961 102 31 11 
1.490004e-01 1159 968 102 31 11 
1.500004e-01 1170 977 102 32 11 
1.510004e-01 1176 982 102 33 11 
1.520004e-01 1188 990 103 33 12 
1.530004e-01 1199 1000 104 33 12 
1.540004e-01 1214 1015 104 33 12 
1.550004e-01 1223 1023 104 33 12 
1.560004e-01 1235 1034 104 33 13 
1.570004e-01 1244 1043 104 33 13 
1.580004e-01 1256 1049 108 34 13 
1.590004e-01 1266 1054 113 34 13 
1.600004e-01 1278 1064 114 34 14 
1.610004e-01 1295 1081 114 34 14 
1.620004e-01 1303 1083 114 34 14 
1.630004e-01 1311 1089 115 34 14 
1.640004e-01 1316 1093 116 34 14 
1.650004e-01 1324 1096 120 34 14 
1.660004e-01 1337 1103 121 34 14 
1.670004e-01 1344 1109 122 34 14 
1.680004e-01 1355 1116 125 34 14 
1.690004e-01 1363 1123 125 34 14 
1.700004e-01 1371 1131 125 34 14 
1.710004e-01 1374 1134 125 34 14 
1.720004e-01 1392 1150 125 34 14 
1.730004e-01 1410 1161 126 36 14 
1.740004e-01 1417 1163 129 37 14 
1.750004e-01 1426 1170 129 37 16 
1.760004e-01 1436 1178 129 37 16 
1.770004e-01 1448 1186 132 38 16 
1.780004e-01 1464 1197 133 39 16 
1.790004e-01 1477 1208 133 40 16 
1.800004e-01 1483 1211 134 41 16 
1.810004e-01 1495 1221 135 42 16 
1.820004e-01 1505 1229 137 42 16 
1.830004e-01 1513 1235 138 42 16 
1.840004e-01 1524 1241 141 42 16 
1.850004e-01 1533 1248 142 42 16 
1.860004e-01 1542 1253 144 42 16 
1.870004e-01 1554 1262 146 42 16 
1.880004e-01 1561 1266 146 42 18 
1.890004e-01 1573 1273 151 42 18 
1.900004e-01 1583 1283 151 42 18 
1.910004e-01 1588 1287 152 42 18 
1.920004e-01 1602 1298 152 42 18 
1.930004e-01 1607 1302 152 43 18 
1.940004e-01 1621 1315 152 43 18 
1.950004e-01 1628 1320 152 43 18 
1.960004e-01 1645 1332 153 45 18 
1.970004e-01 1663 1343 154 45 19 
1.980004e-01 1687 1364 157 45 19 
1.990003e-01 1690 1367 157 45 19 
2.000003e-01 1702 1370 161 45 19 
2.010003e-01 1711 1378 161 45 19 
2.020003e-01 1718 1383 161 45 19 
2.030003e-01 1726 1391 161 45 19 
2.040003e-01 1735 1393 162 46 19 
2.050003e-01 1753 1410 163 46 19 
2.060003e-01 1767 1419 165 47 19 
2.070003e-01 1778 1427 166 47 21 
2.080003e-01 1792 1435 169 47 21 
2.090003e-01 1802 1443 169 47 21 
2.100003e-01 1812 1448 169 47 21 
2.110003e-01 1826 1458 170 48 22 
2.120003e-01 1833 1460 171 48 22 
2.130003e-01 1841 1466 171 49 22 
2.140003e-01 1859 1475 172 50 24 
2.150003e-01 1871 1481 173 51 27 
2.160003e-01 1881 1487 175 52 27 
2.170003e-01 1895 1495 177 54 27 
2.180003e-01 1903 1503 177 54 27 
2.190003e-01 1912 1511 178 54 27 
2.200003e-01 1926 1521 179 54 30 
2.210003e-01 1957 1532 181 55 30 
2.220003e-01 1964 1534 182 55 30 
2.230003e-01 1979 1543 182 55 32 
2.240003e-01 1995 1555 183 56 32 
2.250003e-01 2005 1564 183 56 32 
2.260003e-01 2018 1573 185 56 32 
2.270003e-01 2033 1584 187 56 32 
2.280003e-01 2051 1597 190 57 32 
2.290003e-01 2055 1601 190 57 32 
2.300003e-01 2066 1610 190 58 32 
2.310003e-01 2082 1622 191 58 32 
2.320003e-01 2097 1632 193 59 34 
2.330003e-01 2107 1639 193 60 34 
2.340003e-01 2113 1642 195 60 35 
2.350003e-01 2134 1654 196 63 37 
2.360003e-01 2148 1664 196 63 37 
2.370003e-01 2160 1670 199 64 37 
2.380003e-01 2184 1687 202 65 37 
2.390003e-01 2197 1696 203 65 37 
2.400003e-01 2209 1704 205 65 37 
2.410003e-01 2223 1716 206 65 37 
2.420003e-01 2233 1724 206 65 37 
2.430003e-01 2248 1729 207 65 44 
2.440003e-01 2264 1742 209 65 45 
2.450003e-01 2282 1752 209 66 45 
2.460003e-01 2300 1766 210 66 46 
2.470003e-01 2304 1769 210 66 46 
2.480003e-01 2312 1775 212 66 46 
2.490003e-01 2321 1779 215 67 46 
2.500003e-01 2331 1785 215 67 49 
2.510003e-01 2346 1796 216 67 49 
2.520003e-01 2357 1805 216 67 50 
2.530003e-01 2369 1814 218 67 50 
2.540003e-01 2377 1819 219 67 51 
2.550003e-01 2395 1831 222 67 51 
2.560003e-01 2411 1840 223 67 52 
2.570003e-01 2422 1849 223 67 53 
2.580003e-01 2430 1855 223 69 53 
2.590003e-01 2451 1868 225 69 57 
2.600003e-01 2458 1873 225 70 57 
2.610003e-01 2467 1879 226 71 58 
2.620003e-01 2476 1887 227 71 58 
2.630003e-01 2490 1898 227 72 59 
2.640003e-01 2507 1913 228 72 60 
2.650003e-01 2524 1925 231 72 60 
2.660003e-01 2532 1932 231 72 61 
2.670003e-01 2546 1935 233 74 61 
2.680003e-01 2562 1943 234 74 61 
2.690003e-01 2574 1949 236 74 62 
2.700003e-01 2583 1955 238 74 63 
2.710003e-01 2596 1960 243 74 64 
2.720003e-01 2624 1971 244 89 64 
2.730003e-01 2639 1979 246 90 67 
2.740003e-01 2654 1988 247 90 71 
2.750003e-01 2662 1994 248 90 71 
2.760003e-01 2677 2004 248 90 72 
2.770003e-01 2689 2012 249 92 72 
2.780003e-01 2700 2018 251 92 72 
2.790003e-01 2704 2019 252 94 72 
2.800003e-01 2724 2031 253 96 74 
2.810003e-01 2736 2037 256 96 75 
2.820003e-01 2742 2041 258 96 75 
2.830003e-01 2753 2047 263 96 75 
2.840003e-01 2762 2052 265 96 77 
2.850003e-01 2777 2060 265 96 78 
2.860003e-01 2800 2064 280 96 78 
2.870003e-01 2820 2083 280 96 78 
2.880003e-01 2832 2092 280 96 79 
2.890003e-01 2843 2096 283 97 80 
2.900003e-01 2858 2105 287 97 82 
2.910003e-01 2869 2113 288 98 83 
2.920003e-01 2883 2122 288 98 86 
2.930003e-01 2890 2128 288 99 86 
2.940003e-01 2908 2136 289 100 90 
2.950003e-01 2918 2143 291 100 90 
2.960003e-01 2933 2156 292 100 90 
2.970003e-01 2941 2162 293 100 91 
2.980003e-01 2953 2171 293 100 91 
2.990003e-01 2965 2181 293 100 91 
3.000003e-01 2984 2198 293 101 92 
3.010003e-01 2993 2203 294 102 92 
3.020003e-01 3012 2217 294 102 94 
3.030003e-01 3023 2225 294 103 95 
3.040003e-01 3035 2236 295 103 95 
3.050003e-01 3041 2239 296 103 95 
3.060003e-01 3058 2252 297 103 96 
3.070003e-01 3068 2261 298 103 96 
3.080003e-01 3081 2264 305 105 97 
3.090003e-01 3092 2266 306 107 98 
3.100003e-01 3098 2270 308 107 98 
3.110003e-01 3106 2277 309 107 98 
3.120003e-01 3115 2282 310 107 98 
3.130003e-01 3122 2287 310 107 98 
3.140003e-01 3133 2292 312 109 100 
3.150003e-01 3143 2295 315 109 103 
3.160003e-01 3155 2304 315 111 103 
3.170003e-01 3162 2306 315 116 103 
3.180003e-01 3167 2309 316 117 103 
3.190003e-01 3205 2340 318 117 103 
3.200003e-01 3220 2351 320 118 103 
3.210003e-01 3230 2356 320 120 105 
3.220003e-01 3244 2365 320 120 107 
3.230003e-01 3257 2370 325 120 110 
3.240003e-01 3287 2398 325 121 110 
3.250003e-01 3305 2407 330 124 111 
3.260003e-01 3312 2412 331 124 111 
3.270003e-01 3325 2421 333 126 111 
3.280003e-01 3330 2423 333 126 114 
3.290003e-01 3339 2430 335 126 114 
3.300003e-01 3349 2436 337 128 114 
3.310003e-01 3368 2451 340 128 115 
3.320003e-01 3381 2461 343 128 115 
3.330003e-01 3393 2465 347 129 116 
3.340003e-01 3401 2472 348 129 116 
3.350003e-01 3412 2478 349 132 116 
3.360003e-01 3418 2483 350 132 116 
3.370003e-01 3427 2486 352 133 119 
3.380003e-01 3439 2494 355 133 120 
3.390003e-01 3446 2495 357 134 121 
3.400003e-01 3459 2501 361 135 122 
3.410003e-01 3471 2511 361 135 122 
3.420003e-01 3477 2513 363 135 123 
3.430003e-01 3487 2517 363 136 127 
3.440003e-01 3501 2523 369 136 127 
3.450003e-01 3510 2531 369 136 127 
3.460003e-01 3516 2532 371 136 127 
3.470003e-01 3524 2537 371 137 127 
3.480003e-01 3536 2546 371 139 127 
3.490003e-01 3547 2555 371 141 127 
3.500003e-01 3553 2557 374 141 128 
3.510003e-01 3560 2561 376 142 128 
3.520003e-01 3569 2566 377 144 128 
3.530003e-01 3580 2573 379 144 129 
3.540003e-01 3588 2576 379 145 132 
3.550003e-01 3606 2592 380 145 132 
3.560003e-01 3615 2594 384 146 133 
3.570003e-01 3620 2598 384 146 133 
3.580003e-01 3635 2602 392 146 135 
3.590003e-01 3650 2611 392 150 135 
3.600003e-01 3654 2612 393 150 136 
3.610003e-01 3665 2621 395 150 136 
3.620003e-01 3675 2630 395 150 136 
3.630003e-01 3710 2646 395 167 137 
3.640003e-01 3724 2660 395 167 137 
3.650003e-01 3737 2669 396 168 138 
3.660003e-01 3749 2674 402 168 139 
3.670003e-01 3763 2685 404 168 139 
3.680003e-01 3772 2687 407 172 139 
3.690003e-01 3787 2700 407 173 139 
3.700003e-01 3793 2703 409 174 139 
3.710003e-01 3797 2704 410 174 139 
3.720003e-01 3815 2716 412 175 142 
3.730003e-01 3843 2724 414 177 158 
3.740003e-01 3847 2725 416 177 159 
3.750003e-01 3858 2732 416 179 161 
3.760003e-01 3864 2737 417 179 161 
3.770003e-01 3873 2742 421 179 161 
3.780003e-01 3886 2752 422 181 161 
3.790003e-01 3898 2760 425 181 161 
3.800003e-01 3911 2773 425 181 161 
3.810003e-01 3922 2781 427 181 161 
3.820003e-01 3927 2784 427 181 161 
3.830003e-01 3937 2788 427 182 161 
3.840003e-01 3952 2799 431 182 161 
3.850003e-01 3969 2809 434 183 163 
3.860003e-01 3975 2814 435 183 163 
3.870003e-01 3985 2820 436 185 164 
3.880003e-01 3996 2829 436 185 165 
3.890003e-01 4004 2834 439 185 165 
3.900003e-01 4016 2840 440 187 167 
3.910003e-01 4028 2849 442 188 167 
3.920003e-01 4032 2853 442 188 167 
3.930003e-01 4041 2859 442 190 167 
3.940003e-01 4052 2864 446 192 167 
3.950003e-01 4071 2874 450 192 170 
3.960003e-01 4087 2886 451 194 170 
3.970003e-01 4113 2910 453 194 170 
3.980003e-01 4122 2914 454 195 172 
3.990003e-01 4130 2916 457 196 174 
4.000003e-01 4137 2919 457 198 175 
4.010003e-01 4158 2931 462 202 175 
4.020003e-01 4175 2942 463 205 176 
4.030003e-01 4186 2950 463 206 177 
4.040003e-01 4194 2953 465 208 177 
4.050003e-01 4199 2956 466 209 177 
4.060003e-01 4204 2959 467 210 177 
4.070003e-01 4229 2967 468 226 177 
4.080003e-01 4238 2973 469 227 177 
4.090003e-01 4252 2985 469 227 177 
4.100003e-01 4258 2987 471 228 178 
4.110003e-01 4266 2988 473 229 179 
4.120003e-01 4280 2994 475 230 181 
4.130003e-01 4290 2998 476 234 181 
4.140003e-01 4300 3004 476 234 181 
4.150003e-01 4303 3005 476 235 181 
4.160003e-01 4315 3013 476 238 181 
4.170003e-01 4323 3017 479 238 182 
4.180003e-01 4331 3019 483 240 182 
4.190003e-01 4339 3026 484 240 182 
4.200003e-01 4351 3034 484 242 183 
4.210003e-01 4362 3043 484 242 184 
4.220003e-01 4376 3048 491 244 184 
4.230003e-01 4396 3054 493 244 196 
4.240003e-01 4407 3061 495 244 197 
4.250003e-01 4423 3071 495 244 197 
4.260003e-01 4429 3074 495 246 198 
4.270003e-01 4437 3076 496 250 199 
4.280002e-01 4446 3081 499 250 200 
4.290002e-01 4458 3088 500 251 201 
4.300002e-01 4463 3091 501 251 201 
4.310002e-01 4470 3097 501 251 202 
4.320002e-01 4486 3107 505 252 203 
4.330002e-01 4499 3116 505 254 203 
4.340002e-01 4512 3124 508 255 204 
4.350002e-01 4518 3128 508 255 205 
4.360002e-01 4527 3131 508 260 206 
4.370002e-01 4535 3136 508 261 208 
4.380002e-01 4553 3146 510 267 208 
4.390002e-01 4561 3149 514 267 208 
4.400002e-01 4577 3160 514 269 209 
4.410002e-01 4583 3165 514 270 209 
4.420002e-01 4591 3169 515 273 209 
4.430002e-01 4600 3176 517 273 209 
4.440002e-01 4607 3180 518 275 209 
4.450002e-01 4614 3185 518 276 210 
4.460002e-01 4629 3197 519 278 210 
4.470002e-01 4645 3204 521 279 216 
4.480002e-01 4656 3213 521 280 216 
4.490002e-01 4668 3222 522 281 216 
4.500002e-01 4678 3229 523 283 216 
4.510002e-01 4704 3240 527 292 216 
4.520002e-01 4713 3246 527 293 218 
4.530002e-01 4719 3250 527 294 219 
4.540002e-01 4727 3254 528 297 219 
4.550002e-01 4734 3259 528 299 219 
4.560002e-01 4742 3267 528 299 219 
4.570002e-01 4757 3279 530 300 219 
4.580002e-01 4774 3294 531 301 219 
4.590002e-01 4782 3300 531 301 220 
4.600002e-01 4787 3304 531 301 220 
4.610002e-01 4790 3307 531 301 220 
4.620002e-01 4794 3309 533 301 220 
4.630002e-01 4804 3316 533 303 220 
4.640002e-01 4811 3318 536 304 221 
4.650002e-01 4819 3324 537 305 221 
4.660002e-01 4831 3328 542 305 221 
4.670002e-01 4845 3338 544 306 222 
4.680002e-01 4855 3341 547 309 223 
4.690002e-01 4868 3348 547 315 223 
4.700002e-01 4874 3353 547 315 224 
4.710002e-01 4881 3357 550 315 224 
4.720002e-01 4892 3365 551 316 224 
4.730002e-01 4922 3370 551 317 228 
4.740002e-01 4924 3370 551 318 229 
4.750002e-01 4930 3372 552 321 229 
4.760002e-01 4942 3376 556 324 229 
4.770002e-01 4947 3378 559 324 229 
4.780002e-01 4953 3384 559 324 229 
4.790002e-01 4958 3386 559 327 229 
4.800002e-01 4964 3388 560 328 229 
4.810002e-01 4976 3398 561 328 230 
4.820002e-01 4981 3402 561 328 230 
4.830002e-01 4999 3412 565 331 230 
4.840002e-01 5010 3420 567 332 230 
4.850002e-01 5025 3432 568 334 230 
4.860002e-01 5036 3442 569 334 230 
4.870002e-01 5057 3459 570 335 231 
4.880002e-01 5070 3467 572 338 231 
4.890002e-01 5079 3473 574 339 231 
4.900002e-01 5088 3481 574 339 232 
4.910002e-01 5096 3483 576 343 232 
4.920002e-01 5103 3485 577 343 233 
4.930002e-01 5113 3490 581 343 234 
4.940002e-01 5128 3495 584 348 235 
4.950002e-01 5135 3499 586 348 235 
4.960002e-01 5139 3501 586 350 235 
4.970002e-01 5148 3505 588 351 237 
4.980002e-01 5158 3511 588 355 237 
4.990002e-01 5167 3519 588 355 237 
5.000002e-01 5173 3521 590 357 237 
5.010002e-01 5183 3524 595 358 237 
5.020002e-01 5190 3528 597 359 237 
5.030002e-01 5202 3539 598 359 237 
5.040002e-01 5207 3542 600 359 237 
5.050002e-01 5213 3545 602 359 237 
5.060002e-01 5220 3549 602 362 237 
5.070002e-01 5230 3556 603 363 237 
5.080002e-01 5238 3562 604 364 237 
5.090002e-01 5243 3564 605 366 237 
5.100002e-01 5256 3575 606 366 237 
5.110002e-01 5266 3583 607 366 237 
5.120002e-01 5273 3587 610 366 237 
5.130002e-01 5295 3598 611 371 237 
5.140002e-01 5302 3603 611 373 237 
5.150002e-01 5308 3607 612 374 237 
5.160002e-01 5318 3616 612 374 238 
5.170002e-01 5341 3630 620 375 238 
5.180002e-01 5345 3631 621 376 238 
5.190002e-01 5354 3637 623 377 238 
5.200002e-01 5358 3640 624 377 238 
5.210002e-01 5371 3648 625 380 238 
5.220002e-01 5375 3649 626 382 238 
5.230002e-01 5381 3654 626 382 239 
5.240002e-01 5387 3655 629 384 239 
5.250002e-01 5401 3659 634 387 240 
5.260002e-01 5421 3662 648 389 240 
5.270002e-01 5438 3671 651 394 240 
5.280002e-01 5441 3672 653 394 240 
5.290002e-01 5446 3676 653 394 240 
5.300002e-01 5464 3687 659 395 240 
5.310002e-01 5470 3690 662 395 240 
5.320002e-01 5490 3707 663 395 240 
5.330002e-01 5497 3712 664 396 240 
5.340002e-01 5523 3724 676 397 240 
5.350002e-01 5536 3731 678 400 241 
5.360002e-01 5541 3732 680 402 241 
5.370002e-01 5560 3748 681 403 242 
5.380002e-01 5570 3751 686 405 242 
5.390002e-01 5582 3761 687 406 242 
5.400002e-01 5594 3770 687 406 245 
5.410002e-01 5600 3776 687 406 245 
5.420002e-01 5608 3783 687 407 245 
5.430002e-01 5618 3791 688 408 245 
5.440002e-01 5633 3801 690 409 245 
5.450002e-01 5646 3807 692 413 245 
5.460002e-01 5655 3815 692 414 245 
5.470002e-01 5670 3824 694 416 246 
5.480002e-01 5674 3825 695 418 246 
5.490002e-01 5678 3829 695 418 246 
5.500002e-01 5687 3833 697 420 247 
5.510002e-01 5698 3839 700 421 247 
5.520002e-01 5717 3856 701 422 247 
5.530002e-01 5729 3865 702 422 249 
5.540002e-01 5737 3871 704 422 249 
5.550002e-01 5747 3876 706 422 250 
5.560002e-01 5753 3878 707 423 251 
5.570002e-01 5765 3886 708 424 251 
5.580002e-01 5779 3894 709 429 251 
5.590002e-01 5793 3902 711 432 252 
5.600002e-01 5801 3907 713 433 252 
5.610002e-01 5803 3908 714 433 252 
5.620002e-01 5808 3910 714 436 252 
5.630002e-01 5812 3912 714 438 252 
5.640002e-01 5822 3918 715 440 252 
5.650002e-01 5839 3922 721 443 254 
5.660002e-01 5859 3928 725 452 255 
5.670002e-01 5874 3936 728 455 256 
5.680002e-01 5889 3946 729 457 256 
5.690002e-01 5891 3947 730 457 256 
5.700002e-01 5902 3953 732 460 256 
5.710002e-01 5921 3968 732 464 256 
5.720002e-01 5927 3970 733 466 257 
5.730002e-01 5935 3975 734 466 258 
5.740002e-01 5946 3983 735 467 259 
5.750002e-01 5954 3989 735 469 259 
5.760002e-01 5960 3993 735 470 259 
5.770002e-01 5971 4001 738 470 259 
5.780002e-01 5975 4005 738 470 259 
5.790002e-01 5981 4007 739 473 259 
5.800002e-01 5987 4008 741 476 259 
5.810002e-01 5996 4013 742 477 261 
5.820002e-01 6003 4017 744 478 261 
5.830002e-01 6013 4021 747 479 261 
5.840002e-01 6026 4026 752 481 261 
5.850002e-01 6052 4031 753 498 262 
5.860002e-01 6059 4035 755 499 262 
5.870002e-01 6067 4042 756 499 262 
5.880002e-01 6073 4045 758 500 262 
5.890002e-01 6082 4050 760 502 262 
5.900002e-01 6093 4059 760 504 262 
5.910002e-01 6098 4062 761 505 262 
5.920002e-01 6104 4067 761 505 262 
5.930002e-01 6114 4075 762 506 262 
5.940002e-01 6124 4077 764 509 262 
5.950002e-01 6131 4080 764 513 262 
5.960002e-01 6138 4085 765 514 262 
5.970002e-01 6148 4093 767 514 262 
5.980002e-01 6154 4094 770 516 262 
5.990002e-01 6164 4098 772 520 262 
6.000002e-01 6179 4110 773 522 262 
6.010002e-01 6185 4114 774 522 262 
6.020002e-01 6197 4119 776 526 263 
6.030002e-01 6203 4123 776 526 263 
6.040002e-01 6210 4127 777 528 263 
6.050002e-01 6218 4133 778 529 263 
6.060002e-01 6243 4156 779 529 263 
6.070002e-01 6252 4160 779 533 263 
6.080002e-01 6264 4168 780 536 263 
6.090002e-01 6273 4169 783 541 263 
6.100002e-01 6276 4171 783 542 263 
6.110002e-01 6280 4173 785 542 263 
6.120002e-01 6292 4180 787 543 263 
6.130002e-01 6298 4183 788 545 263 
6.140002e-01 6311 4189 793 546 264 
6.150002e-01 6322 4200 793 546 264 
6.160002e-01 6329 4205 793 548 264 
6.170002e-01 6332 4206 794 549 264 
6.180002e-01 6339 4208 796 549 264 
6.190002e-01 6351 4214 796 552 266 
6.200002e-01 6365 4223 798 554 266 
6.210002e-01 6374 4232 798 554 266 
6.220002e-01 6385 4241 800 554 266 
6.230002e-01 6392 4247 801 554 266 
6.240002e-01 6401 4253 801 556 267 
6.250002e-01 6409 4259 801 558 267 
6.260002e-01 6416 4263 802 559 267 
6.270002e-01 6424 4267 802 560 267 
6.280002e-01 6428 4271 802 560 267 
6.290002e-01 6438 4279 803 561 267 
6.300002e-01 6469 4301 805 567 267 
6.310002e-01 6471 4301 805 569 267 
6.320002e-01 6482 4308 806 572 267 
6.330002e-01 6489 4313 807 573 267 
6.340002e-01 6496 4316 809 575 267 
6.350002e-01 6505 4321 812 576 267 
6.360002e-01 6508 4323 813 576 267 
6.370002e-01 6513 4327 814 576 267 
6.380002e-01 6528 4337 818 577 267 
6.390002e-01 6532 4340 818 577 267 
6.400002e-01 6542 4347 819 579 267 
6.410002e-01 6549 4353 819 579 267 
6.420002e-01 6558 4358 822 579 267 
6.430002e-01 6561 4361 822 579 267 
6.440002e-01 6565 4364 823 579 267 
6.450002e-01 6572 4366 825 582 267 
6.460002e-01 6585 4370 828 585 268 
6.470002e-01 6595 4372 832 587 269 
6.480002e-01 6606 4382 833 587 269 
6.490002e-01 6618 4386 837 591 269 
6.500002e-01 6625 4391 837 592 269 
6.510002e-01 6639 4399 840 595 269 
6.520002e-01 6647 4403 844 595 269 
6.530002e-01 6651 4404 846 596 269 
6.540002e-01 6660 4410 846 599 269 
6.550002e-01 6668 4414 848 600 270 
6.560002e-01 6675 4419 849 600 271 
6.570001e-01 6687 4425 853 601 271 
6.580001e-01 6692 4428 855 601 271 
6.590001e-01 6698 4429 857 603 271 
6.600001e-01 6715 4441 859 604 271 
6.610001e-01 6729 4451 861 606 271 
6.620001e-01 6735 4453 863 607 272 
6.630001e-01 6743 4458 864 609 272 
6.640001e-01 6750 4461 865 612 272 
6.650001e-01 6761 4466 867 615 272 
6.660001e-01 6774 4474 872 615 272 
6.670001e-01 6783 4481 874 615 272 
6.680001e-01 6793 4484 876 618 272 
6.690001e-01 6802 4489 879 619 272 
6.700001e-01 6806 4493 879 619 272 
6.710001e-01 6816 4496 884 620 272 
6.720001e-01 6824 4502 884 621 273 
6.730001e-01 6839 4511 889 622 273 
6.740001e-01 6845 4515 889 624 273 
6.750001e-01 6854 4520 891 625 273 
6.760001e-01 6861 4526 892 625 273 
6.770001e-01 6870 4533 892 627 273 
6.780001e-01 6875 4537 892 628 273 
6.790001e-01 6888 4547 894 628 274 
6.800001e-01 6896 4553 895 629 274 
6.810001e-01 6901 4554 896 631 274 
6.820001e-01 6906 4556 897 633 274 
6.830001e-01 6918 4563 898 635 274 
6.840001e-01 6926 4566 900 637 274 
6.850001e-01 6952 4588 903 637 274 
6.860001e-01 6962 4597 903 637 274 
6.870001e-01 6968 4600 904 639 274 
6.880001e-01 6978 4608 905 640 274 
6.890001e-01 6987 4613 905 644 274 
6.900001e-01 6995 4620 906 644 274 
6.910001e-01 7012 4630 908 647 275 
6.920001e-01 7019 4635 910 647 275 
6.930001e-01 7033 4641 912 649 276 
6.940001e-01 7042 4646 915 650 276 
6.950001e-01 7054 4656 917 650 276 
6.960001e-01 7062 4659 919 652 277 
6.970001e-01 7096 4672 922 652 294 
6.980001e-01 7102 4674 923 655 294 
6.990001e-01 7110 4679 925 656 294 
7.000001e-01 7120 4685 926 659 294 
7.010001e-01 7141 4688 928 661 294 
7.020001e-01 7149 4694 928 663 294 
7.030001e-01 7160 4699 930 666 294 
7.040001e-01 7174 4707 933 669 294 
7.050001e-01 7179 4711 933 670 294 
7.060001e-01 7189 4718 935 671 294 
7.070001e-01 7206 4728 937 674 294 
7.080001e-01 7215 4733 937 676 295 
7.090001e-01 7222 4736 938 676 298 
7.100001e-01 7228 4740 938 677 298 
7.110001e-01 7242 4748 940 678 298 
7.120001e-01 7256 4757 943 680 298 
7.130001e-01 7261 4760 943 682 298 
7.140001e-01 7267 4764 943 683 298 
7.150001e-01 7278 4772 944 683 300 
7.160001e-01 7289 4780 947 683 300 
7.170001e-01 7297 4787 948 683 300 
7.180001e-01 7300 4789 949 683 300 
7.190001e-01 7311 4795 951 686 300 
7.200001e-01 7316 4797 951 687 300 
7.210001e-01 7330 4806 954 688 300 
7.220001e-01 7335 4810 954 689 300 
7.230001e-01 7340 4813 956 689 300 
7.240001e-01 7345 4817 957 689 300 
7.250001e-01 7359 4830 958 689 300 
7.260001e-01 7370 4833 963 691 300 
7.270001e-01 7378 4837 964 694 300 
7.280001e-01 7384 4840 966 695 300 
7.290001e-01 7396 4849 966 698 300 
7.300001e-01 7400 4850 969 698 300 
7.310001e-01 7406 4852 972 699 300 
7.320001e-01 7413 4856 973 701 300 
7.330001e-01 7426 4864 977 702 300 
7.340001e-01 7431 4866 977 705 300 
7.350001e-01 7437 4868 979 707 300 
7.360001e-01 7443 4871 981 708 300 
7.370001e-01 7454 4881 981 709 300 
7.380001e-01 7464 4888 981 711 300 
7.390001e-01 7476 4899 981 712 300 
7.400001e-01 7483 4903 982 714 300 
7.410001e-01 7488 4906 983 715 300 
7.420001e-01 7495 4910 985 716 300 
7.430001e-01 7500 4914 986 716 300 
7.440001e-01 7513 4925 986 718 300 
7.450001e-01 7518 4927 989 718 300 
7.460001e-01 7529 4934 992 718 300 
7.470001e-01 7536 4938 995 718 300 
7.480001e-01 7545 4943 996 720 300 
7.490001e-01 7564 4952 1001 724 301 
7.500001e-01 7577 4959 1005 726 301 
7.510001e-01 7592 4970 1005 729 301 
7.520001e-01 7603 4977 1006 732 301 
7.530001e-01 7613 4984 1007 733 302 
7.540001e-01 7628 4995 1010 734 302 
7.550001e-01 7638 5001 1012 735 303 
7.560001e-01 7648 5010 1013 735 303 
7.570001e-01 7657 5015 1015 737 303 
7.580001e-01 7684 5019 1032 742 303 
7.590001e-01 7693 5025 1034 742 303 
7.600001e-01 7704 5031 1038 742 303 
7.610001e-01 7712 5033 1040 745 303 
7.620001e-01 7716 5036 1041 745 303 
7.630001e-01 7728 5041 1043 750 303 
7.640001e-01 7744 5048 1045 756 303 
7.650001e-01 7753 5052 1047 757 304 
7.660001e-01 7763 5056 1049 761 304 
7.670001e-01 7774 5063 1052 762 304 
7.680001e-01 7783 5072 1052 762 304 
7.690001e-01 7793 5080 1053 762 304 
7.700001e-01 7804 5089 1054 762 304 
7.710001e-01 7817 5095 1056 767 304 
7.720001e-01 7854 5125 1060 767 305 
7.730001e-01 7866 5136 1061 767 305 
7.740001e-01 7872 5140 1061 768 305 
7.750001e-01 7881 5144 1062 772 305 
7.760001e-01 7886 5145 1063 774 305 
7.770001e-01 7900 5151 1067 778 305 
7.780001e-01 7914 5161 1070 779 305 
7.790001e-01 7928 5169 1073 779 306 
7.800001e-01 7940 5178 1075 779 307 
7.810001e-01 7943 5180 1076 779 307 
7.820001e-01 7954 5186 1078 782 307 
7.830001e-01 7961 5191 1080 782 307 
7.840001e-01 7972 5200 1081 783 307 
7.850001e-01 7995 5220 1083 783 307 
7.860001e-01 8003 5223 1087 784 307 
7.870001e-01 8019 5233 1088 787 307 
7.880001e-01 8027 5236 1092 787 307 
7.890001e-01 8038 5241 1095 790 307 
7.900001e-01 8045 5244 1097 792 307 
7.910001e-01 8056 5251 1099 794 307 
7.920001e-01 8068 5258 1100 796 307 
7.930001e-01 8082 5265 1104 799 307 
7.940001e-01 8089 5269 1106 800 307 
7.950001e-01 8098 5274 1108 800 307 
7.960001e-01 8109 5280 1110 803 307 
7.970001e-01 8133 5300 1111 805 307 
7.980001e-01 8164 5327 1114 806 307 
7.990001e-01 8173 5332 1117 807 307 
8.000001e-01 8187 5343 1117 808 308 
8.010001e-01 8200 5352 1120 808 308 
8.020001e-01 8211 5357 1122 812 308 
8.030001e-01 8217 5361 1123 813 308 
8.040001e-01 8229 5366 1126 816 308 
8.050001e-01 8241 5375 1127 818 308 
8.060001e-01 8250 5381 1130 818 308 
8.070001e-01 8266 5390 1132 821 310 
8.080001e-01 8280 5399 1134 823 311 
8.090001e-01 8305 5415 1141 825 311 
8.100001e-01 8316 5421 1143 827 311 
8.110001e-01 8323 5427 1144 827 311 
8.120001e-01 8332 5433 1147 827 311 
8.130001e-01 8342 5439 1149 827 312 
8.140001e-01 8350 5442 1152 829 312 
8.150001e-01 8363 5451 1155 830 312 
8.160001e-01 8373 5457 1157 832 312 
8.170001e-01 8383 5461 1162 833 312 
8.180001e-01 8392 5466 1163 834 313 
8.190001e-01 8407 5476 1167 835 313 
8.200001e-01 8417 5481 1169 838 313 
8.210001e-01 8437 5492 1173 842 314 
8.220001e-01 8445 5495 1173 847 314 
8.230001e-01 8452 5500 1173 849 314 
8.240001e-01 8463 5508 1174 849 314 
8.250001e-01 8474 5513 1176 852 314 
8.260001e-01 8482 5519 1177 852 315 
8.270001e-01 8491 5524 1180 852 316 
8.280001e-01 8499 5528 1181 853 318 
8.290001e-01 8505 5530 1182 856 318 
8.300001e-01 8519 5537 1186 858 318 
8.310001e-01 8529 5544 1188 859 318 
8.320001e-01 8550 5558 1194 860 318 
8.330001e-01 8564 5565 1198 861 319 
8.340001e-01 8581 5573 1205 861 319 
8.350001e-01 8591 5579 1207 862 319 
8.360001e-01 8600 5587 1207 863 319 
8.370001e-01 8611 5595 1210 863 319 
8.380001e-01 8624 5604 1214 863 319 
8.390001e-01 8634 5610 1216 863 319 
8.400001e-01 8644 5617 1217 865 319 
8.410001e-01 8655 5627 1217 866 319 
8.420001e-01 8670 5638 1221 866 319 
8.430001e-01 8679 5644 1222 868 319 
8.440001e-01 8694 5656 1223 869 319 
8.450001e-01 8706 5661 1228 869 319 
8.460001e-01 8720 5672 1230 870 319 
8.470001e-01 8739 5679 1236 874 319 
8.480001e-01 8751 5685 1241 875 319 
8.490001e-01 8768 5695 1244 879 319 
8.500001e-01 8776 5700 1245 880 319 
8.510001e-01 8790 5707 1249 882 319 
8.520001e-01 8803 5715 1253 883 319 
8.530001e-01 8821 5727 1255 887 319 
8.540001e-01 8824 5729 1255 887 319 
8.550001e-01 8842 5739 1259 890 320 
8.560001e-01 8855 5745 1261 892 320 
8.570001e-01 8874 5755 1266 895 321 
8.580001e-01 8891 5766 1271 896 321 
8.590001e-01 8901 5772 1274 897 321 
8.600001e-01 8923 5788 1277 899 321 
8.610001e-01 8928 5791 1278 900 321 
8.620001e-01 8942 5800 1278 903 322 
8.630001e-01 8969 5806 1295 907 322 
8.640001e-01 8976 5810 1297 908 322 
8.650001e-01 8990 5817 1300 912 322 
8.660001e-01 9004 5827 1302 914 322 
8.670001e-01 9014 5834 1302 915 322 
8.680001e-01 9017 5835 1304 915 322 
8.690001e-01 9030 5845 1306 916 322 
8.700001e-01 9049 5857 1310 919 322 
8.710001e-01 9058 5865 1311 919 322 
8.720001e-01 9077 5881 1311 922 322 
8.730001e-01 9084 5883 1315 922 322 
8.740001e-01 9095 5891 1315 923 322 
8.750001e-01 9105 5900 1316 923 322 
8.760001e-01 9121 5912 1319 924 322 
8.770001e-01 9144 5925 1323 929 322 
8.780001e-01 9154 5931 1323 930 322 
8.790001e-01 9175 5950 1323 932 322 
8.800001e-01 9188 5960 1324 933 322 
8.810001e-01 9201 5968 1327 935 322 
8.820001e-01 9214 5976 1328 939 322 
8.830001e-01 9230 5984 1333 941 323 
8.840001e-01 9242 5989 1335 942 323 
8.850001e-01 9257 5999 1336 945 324 
8.860000e-01 9268 6009 1336 945 324 
8.870000e-01 9285 6021 1338 948 324 
8.880000e-01 9299 6032 1339 949 324 
8.890000e-01 9313 6041 1340 950 324 
8.900000e-01 9324 6048 1344 950 324 
8.910000e-01 9338 6055 1345 954 324 
8.920000e-01 9362 6073 1350 955 324 
8.930000e-01 9378 6083 1355 956 324 
8.940000e-01 9388 6091 1356 956 324 
8.950000e-01 9398 6099 1358 956 324 
8.960000e-01 9418 6112 1361 959 324 
8.970000e-01 9429 6120 1362 960 325 
8.980000e-01 9444 6130 1364 962 325 
8.990000e-01 9460 6142 1367 963 325 
9.000000e-01 9469 6149 1367 964 326 
9.010000e-01 9480 6159 1367 965 326 
9.020000e-01 9497 6167 1369 968 326 
9.030000e-01 9512 6176 1371 969 326 
9.040000e-01 9528 6188 1373 971 326 
9.050000e-01 9565 6204 1379 986 326 
9.060000e-01 9584 6216 1384 987 326 
9.070000e-01 9602 6225 1390 989 326 
9.080000e-01 9622 6236 1394 994 326 
9.090000e-01 9635 6248 1395 994 326 
9.100000e-01 9651 6259 1397 997 326 
9.110000e-01 9673 6277 1401 997 326 
9.120000e-01 9689 6289 1402 999 327 
9.130000e-01 9713 6307 1404 1001 327 
9.140000e-01 9732 6321 1405 1004 327 
9.150000e-01 9745 6329 1407 1007 327 
9.160000e-01 9759 6338 1408 1009 327 
9.170000e-01 9780 6350 1413 1011 329 
9.180000e-01 9797 6363 1415 1012 329 
9.190000e-01 9821 6384 1417 1012 330 
9.200000e-01 9836 6393 1420 1015 330 
9.210000e-01 9847 6400 1423 1016 330 
9.220000e-01 9863 6412 1424 1017 330 
9.230000e-01 9878 6426 1424 1018 330 
9.240000e-01 9900 6445 1425 1020 330 
9.250000e-01 9920 6460 1427 1021 330 
9.260000e-01 9942 6474 1433 1023 330 
9.270000e-01 9957 6484 1437 1024 330 
9.280000e-01 9984 6494 1454 1024 330 
9.290000e-01 10018 6516 1464 1026 330 
9.300000e-01 10029 6525 1466 1026 330 
9.310000e-01 10052 6542 1468 1028 330 
9.320000e-01 10072 6553 1474 1030 330 
9.330000e-01 10095 6568 1477 1034 330 
9.340000e-01 10107 6573 1481 1036 330 
9.350000e-01 10129 6585 1488 1037 332 
9.360000e-01 10150 6604 1490 1037 332 
9.370000e-01 10163 6611 1491 1041 333 
9.380000e-01 10189 6631 1495 1041 333 
9.390000e-01 10215 6651 1497 1042 333 
9.400000e-01 10229 6660 1500 1043 333 
9.410000e-01 10247 6669 1503 1048 334 
9.420000e-01 10280 6692 1506 1053 335 
9.430000e-01 10306 6707 1512 1058 335 
9.440000e-01 10331 6725 1516 1059 336 
9.450000e-01 10363 6753 1519 1060 336 
9.460000e-01 10380 6761 1522 1062 337 
9.470000e-01 10402 6776 1524 1066 337 
9.480000e-01 10417 6787 1525 1068 338 
9.490000e-01 10443 6806 1527 1073 338 
9.500000e-01 10480 6831 1535 1075 338 
9.510000e-01 10490 6838 1536 1075 338 
9.520000e-01 10516 6858 1541 1076 338 
9.530000e-01 10542 6877 1546 1078 338 
9.540000e-01 10562 6893 1548 1079 338 
9.550000e-01 10598 6918 1553 1081 339 
9.560000e-01 10630 6937 1561 1084 339 
9.570000e-01 10659 6958 1568 1085 339 
9.580000e-01 10689 6976 1574 1088 339 
9.590000e-01 10726 7000 1582 1090 339 
9.600000e-01 10744 7015 1584 1091 339 
9.610000e-01 10784 7038 1595 1095 339 
9.620000e-01 10811 7059 1596 1098 340 
9.630000e-01 10831 7072 1599 1101 340 
9.640000e-01 10870 7092 1601 1118 340 
9.650000e-01 10908 7123 1607 1119 340 
9.660000e-01 10938 7140 1611 1123 341 
9.670000e-01 10989 7183 1614 1127 341 
9.680000e-01 11024 7213 1616 1129 341 
9.690000e-01 11057 7241 1618 1131 342 
9.700000e-01 11085 7262 1622 1133 342 
9.710000e-01 11116 7283 1628 1135 342 
9.720000e-01 11153 7308 1634 1141 342 
9.730000e-01 11185 7334 1638 1143 342 
9.740000e-01 11229 7368 1645 1146 342 
9.750000e-01 11260 7388 1654 1147 343 
9.760000e-01 11281 7403 1656 1149 344 
9.770000e-01 11328 7440 1661 1152 345 
9.780000e-01 11371 7473 1667 1155 345 
9.790000e-01 11409 7501 1669 1161 345 
9.800000e-01 11443 7529 1672 1163 346 
9.810000e-01 11493 7571 1677 1165 346 
9.820000e-01 11542 7603 1687 1172 346 
9.830000e-01 11592 7636 1699 1176 347 
9.840000e-01 11654 7682 1704 1182 348 
9.850000e-01 11729 7723 1714 1205 348 
9.860000e-01 11779 7762 1721 1208 348 
9.870000e-01 11833 7796 1731 1215 349 
9.880000e-01 11899 7848 1737 1221 350 
9.890000e-01 11973 7910 1742 1227 350 
9.900000e-01 12027 7944 1751 1236 350 
9.910000e-01 12104 7995 1757 1256 350 
9.920000e-01 12191 8049 1775 1268 350 
9.930000e-01 12260 8087 1792 1280 351 
9.940000e-01 12347 8141 1810 1293 353 
9.950000e-01 12463 8219 1837 1303 353 
9.960000e-01 12614 8311 1869 1328 354 
9.970000e-01 12746 8396 1897 1342 357 
9.980000e-01 12930 8531 1922 1358 359 
9.990000e-01 13138 8657 1973 1383 360 
1.000000e+00 96548 87594 4798 2037 394 
