 20.000  21.000  22.000  22.500
-8.514893e-01 197166 115090 31118 30931 13803 
-8.480539e-01 197165 115090 31118 30930 13803 
-8.446186e-01 197165 115090 31118 30930 13803 
-8.411832e-01 197165 115090 31118 30930 13803 
-8.377478e-01 197165 115090 31118 30930 13803 
-8.343124e-01 197165 115090 31118 30930 13803 
-8.308770e-01 197165 115090 31118 30930 13803 
-8.274416e-01 197165 115090 31118 30930 13803 
-8.240063e-01 197165 115090 31118 30930 13803 
-8.205709e-01 197165 115090 31118 30930 13803 
-8.171355e-01 197165 115090 31118 30930 13803 
-8.137001e-01 197165 115090 31118 30930 13803 
-8.102647e-01 197165 115090 31118 30930 13803 
-8.068294e-01 197165 115090 31118 30930 13803 
-8.033940e-01 197165 115090 31118 30930 13803 
-7.999586e-01 197165 115090 31118 30930 13803 
-7.965232e-01 197165 115090 31118 30930 13803 
-7.930878e-01 197165 115090 31118 30930 13803 
-7.896525e-01 197165 115090 31118 30930 13803 
-7.862171e-01 197165 115090 31118 30930 13803 
-7.827817e-01 197165 115090 31118 30930 13803 
-7.793463e-01 197165 115090 31118 30930 13803 
-7.759109e-01 197165 115090 31118 30930 13803 
-7.724755e-01 197165 115090 31118 30930 13803 
-7.690402e-01 197165 115090 31118 30930 13803 
-7.656048e-01 197165 115090 31118 30930 13803 
-7.621694e-01 197165 115090 31118 30930 13803 
-7.587340e-01 197165 115090 31118 30930 13803 
-7.552986e-01 197165 115090 31118 30930 13803 
-7.518633e-01 197165 115090 31118 30930 13803 
-7.484279e-01 197165 115090 31118 30930 13803 
-7.449925e-01 197165 115090 31118 30930 13803 
-7.415571e-01 197165 115090 31118 30930 13803 
-7.381217e-01 197165 115090 31118 30930 13803 
-7.346864e-01 197165 115090 31118 30930 13803 
-7.312510e-01 197165 115090 31118 30930 13803 
-7.278156e-01 197165 115090 31118 30930 13803 
-7.243802e-01 197165 115090 31118 30930 13803 
-7.209448e-01 197165 115090 31118 30930 13803 
-7.175094e-01 197165 115090 31118 30930 13803 
-7.140741e-01 197165 115090 31118 30930 13803 
-7.106387e-01 197165 115090 31118 30930 13803 
-7.072033e-01 197165 115090 31118 30930 13803 
-7.037679e-01 197165 115090 31118 30930 13803 
-7.003325e-01 197165 115090 31118 30930 13803 
-6.968972e-01 197165 115090 31118 30930 13803 
-6.934618e-01 197165 115090 31118 30930 13803 
-6.900264e-01 197165 115090 31118 30930 13803 
-6.865910e-01 197165 115090 31118 30930 13803 
-6.831556e-01 197165 115090 31118 30930 13803 
-6.797203e-01 197165 115090 31118 30930 13803 
-6.762849e-01 197165 115090 31118 30930 13803 
-6.728495e-01 197165 115090 31118 30930 13803 
-6.694141e-01 197165 115090 31118 30930 13803 
-6.659787e-01 197165 115090 31118 30930 13803 
-6.625433e-01 197165 115090 31118 30930 13803 
-6.591080e-01 197165 115090 31118 30930 13803 
-6.556726e-01 197165 115090 31118 30930 13803 
-6.522372e-01 197165 115090 31118 30930 13803 
-6.488018e-01 197165 115090 31118 30930 13803 
-6.453664e-01 197165 115090 31118 30930 13803 
-6.419311e-01 197165 115090 31118 30930 13803 
-6.384957e-01 197165 115090 31118 30930 13803 
-6.350603e-01 197165 115090 31118 30930 13803 
-6.316249e-01 197165 115090 31118 30930 13803 
-6.281895e-01 197165 115090 31118 30930 13803 
-6.247542e-01 197165 115090 31118 30930 13803 
-6.213188e-01 197165 115090 31118 30930 13803 
-6.178834e-01 197165 115090 31118 30930 13803 
-6.144480e-01 197165 115090 31118 30930 13803 
-6.110126e-01 197165 115090 31118 30930 13803 
-6.075772e-01 197165 115090 31118 30930 13803 
-6.041419e-01 197165 115090 31118 30930 13803 
-6.007065e-01 197165 115090 31118 30930 13803 
-5.972711e-01 197165 115090 31118 30930 13803 
-5.938357e-01 197165 115090 31118 30930 13803 
-5.904003e-01 197165 115090 31118 30930 13803 
-5.869650e-01 197165 115090 31118 30930 13803 
-5.835296e-01 197165 115090 31118 30930 13803 
-5.800942e-01 197165 115090 31118 30930 13803 
-5.766588e-01 197165 115090 31118 30930 13803 
-5.732234e-01 197165 115090 31118 30930 13803 
-5.697880e-01 197165 115090 31118 30930 13803 
-5.663527e-01 197165 115090 31118 30930 13803 
-5.629173e-01 197165 115090 31118 30930 13803 
-5.594819e-01 197165 115090 31118 30930 13803 
-5.560465e-01 197165 115090 31118 30930 13803 
-5.526111e-01 197165 115090 31118 30930 13803 
-5.491758e-01 197165 115090 31118 30930 13803 
-5.457404e-01 197165 115090 31118 30930 13803 
-5.423050e-01 197165 115090 31118 30930 13803 
-5.388696e-01 197165 115090 31118 30930 13803 
-5.354342e-01 197165 115090 31118 30930 13803 
-5.319989e-01 197165 115090 31118 30930 13803 
-5.285635e-01 197165 115090 31118 30930 13803 
-5.251281e-01 197165 115090 31118 30930 13803 
-5.216927e-01 197165 115090 31118 30930 13803 
-5.182573e-01 197165 115090 31118 30930 13803 
-5.148219e-01 197165 115090 31118 30930 13803 
-5.113866e-01 197165 115090 31118 30930 13803 
-5.079512e-01 197165 115090 31118 30930 13803 
-5.045158e-01 197165 115090 31118 30930 13803 
-5.010804e-01 197165 115090 31118 30930 13803 
-4.976450e-01 197165 115090 31118 30930 13803 
-4.942097e-01 197165 115090 31118 30930 13803 
-4.907743e-01 197165 115090 31118 30930 13803 
-4.873389e-01 197165 115090 31118 30930 13803 
-4.839035e-01 197165 115090 31118 30930 13803 
-4.804681e-01 197165 115090 31118 30930 13803 
-4.770328e-01 197165 115090 31118 30930 13803 
-4.735974e-01 197165 115090 31118 30930 13803 
-4.701620e-01 197165 115090 31118 30930 13803 
-4.667266e-01 197165 115090 31118 30930 13803 
-4.632912e-01 197165 115090 31118 30930 13803 
-4.598558e-01 197165 115090 31118 30930 13803 
-4.564205e-01 197165 115090 31118 30930 13803 
-4.529851e-01 197165 115090 31118 30930 13803 
-4.495497e-01 197165 115090 31118 30930 13803 
-4.461143e-01 197165 115090 31118 30930 13803 
-4.426789e-01 197165 115090 31118 30930 13803 
-4.392436e-01 197165 115090 31118 30930 13803 
-4.358082e-01 197165 115090 31118 30930 13803 
-4.323728e-01 197165 115090 31118 30930 13803 
-4.289374e-01 197165 115090 31118 30930 13803 
-4.255020e-01 197165 115090 31118 30930 13803 
-4.220667e-01 197165 115090 31118 30930 13803 
-4.186313e-01 197165 115090 31118 30930 13803 
-4.151959e-01 197165 115090 31118 30930 13803 
-4.117605e-01 197165 115090 31118 30930 13803 
-4.083251e-01 197165 115090 31118 30930 13803 
-4.048897e-01 197165 115090 31118 30930 13803 
-4.014544e-01 197165 115090 31118 30930 13803 
-3.980190e-01 197165 115090 31118 30930 13803 
-3.945836e-01 197165 115090 31118 30930 13803 
-3.911482e-01 197165 115090 31118 30930 13803 
-3.877128e-01 197165 115090 31118 30930 13803 
-3.842775e-01 197165 115090 31118 30930 13803 
-3.808421e-01 197165 115090 31118 30930 13803 
-3.774067e-01 197165 115090 31118 30930 13803 
-3.739713e-01 197165 115090 31118 30930 13803 
-3.705359e-01 197165 115090 31118 30930 13803 
-3.671006e-01 197165 115090 31118 30930 13803 
-3.636652e-01 197165 115090 31118 30930 13803 
-3.602298e-01 197165 115090 31118 30930 13803 
-3.567944e-01 197165 115090 31118 30930 13803 
-3.533590e-01 197165 115090 31118 30930 13803 
-3.499236e-01 197165 115090 31118 30930 13803 
-3.464883e-01 197165 115090 31118 30930 13803 
-3.430529e-01 197165 115090 31118 30930 13803 
-3.396175e-01 197165 115090 31118 30930 13803 
-3.361821e-01 197165 115090 31118 30930 13803 
-3.327467e-01 197165 115090 31118 30930 13803 
-3.293114e-01 197165 115090 31118 30930 13803 
-3.258760e-01 197165 115090 31118 30930 13803 
-3.224406e-01 197165 115090 31118 30930 13803 
-3.190052e-01 197165 115090 31118 30930 13803 
-3.155698e-01 197165 115090 31118 30930 13803 
-3.121345e-01 197165 115090 31118 30930 13803 
-3.086991e-01 197165 115090 31118 30930 13803 
-3.052637e-01 197165 115090 31118 30930 13803 
-3.018283e-01 197165 115090 31118 30930 13803 
-2.983929e-01 197165 115090 31118 30930 13803 
-2.949575e-01 197165 115090 31118 30930 13803 
-2.915222e-01 197165 115090 31118 30930 13803 
-2.880868e-01 197165 115090 31118 30930 13803 
-2.846514e-01 197165 115090 31118 30930 13803 
-2.812160e-01 197165 115090 31118 30930 13803 
-2.777806e-01 197165 115090 31118 30930 13803 
-2.743453e-01 197165 115090 31118 30930 13803 
-2.709099e-01 197165 115090 31118 30930 13803 
-2.674745e-01 197165 115090 31118 30930 13803 
-2.640391e-01 197165 115090 31118 30930 13803 
-2.606037e-01 197165 115090 31118 30930 13803 
-2.571684e-01 197165 115090 31118 30930 13803 
-2.537330e-01 197165 115090 31118 30930 13803 
-2.502976e-01 197165 115090 31118 30930 13803 
-2.468622e-01 197165 115090 31118 30930 13803 
-2.434268e-01 197165 115090 31118 30930 13803 
-2.399914e-01 197165 115090 31118 30930 13803 
-2.365561e-01 197165 115090 31118 30930 13803 
-2.331207e-01 197165 115090 31118 30930 13803 
-2.296853e-01 197165 115090 31118 30930 13803 
-2.262499e-01 197165 115090 31118 30930 13803 
-2.228145e-01 197165 115090 31118 30930 13803 
-2.193792e-01 197165 115090 31118 30930 13803 
-2.159438e-01 197165 115090 31118 30930 13803 
-2.125084e-01 197165 115090 31118 30930 13803 
-2.090730e-01 197165 115090 31118 30930 13803 
-2.056376e-01 197165 115090 31118 30930 13803 
-2.022023e-01 197165 115090 31118 30930 13803 
-1.987669e-01 197165 115090 31118 30930 13803 
-1.953315e-01 197165 115090 31118 30930 13803 
-1.918961e-01 197165 115090 31118 30930 13803 
-1.884607e-01 197165 115090 31118 30930 13803 
-1.850253e-01 197165 115090 31118 30930 13803 
-1.815900e-01 197165 115090 31118 30930 13803 
-1.781546e-01 197165 115090 31118 30930 13803 
-1.747192e-01 197165 115090 31118 30930 13803 
-1.712838e-01 197165 115090 31118 30930 13803 
-1.678484e-01 197165 115090 31118 30930 13803 
-1.644131e-01 197165 115090 31118 30930 13803 
-1.609777e-01 197165 115090 31118 30930 13803 
-1.575423e-01 197165 115090 31118 30930 13803 
-1.541069e-01 197165 115090 31118 30930 13803 
-1.506715e-01 197165 115090 31118 30930 13803 
-1.472362e-01 197165 115090 31118 30930 13803 
-1.438008e-01 197165 115090 31118 30930 13803 
-1.403654e-01 197165 115090 31118 30930 13803 
-1.369300e-01 197165 115090 31118 30930 13803 
-1.334946e-01 197165 115090 31118 30930 13803 
-1.300592e-01 197165 115090 31118 30930 13803 
-1.266239e-01 197165 115090 31118 30930 13803 
-1.231885e-01 197165 115090 31118 30930 13803 
-1.197531e-01 197165 115090 31118 30930 13803 
-1.163177e-01 197165 115090 31118 30930 13803 
-1.128823e-01 197165 115090 31118 30930 13803 
-1.094470e-01 197165 115090 31118 30930 13803 
-1.060116e-01 197165 115090 31118 30930 13803 
-1.025762e-01 197165 115090 31118 30930 13803 
-9.914081e-02 197165 115090 31118 30930 13803 
-9.570543e-02 197165 115090 31118 30930 13803 
-9.227005e-02 197165 115090 31118 30930 13803 
-8.883467e-02 197165 115090 31118 30930 13803 
-8.539929e-02 197165 115090 31118 30930 13803 
-8.196391e-02 197165 115090 31118 30930 13803 
-7.852853e-02 197165 115090 31118 30930 13803 
-7.509314e-02 197165 115090 31118 30930 13803 
-7.165776e-02 197165 115090 31118 30930 13803 
-6.822238e-02 197165 115090 31118 30930 13803 
-6.478700e-02 197165 115090 31118 30930 13803 
-6.135162e-02 197165 115090 31118 30930 13803 
-5.791624e-02 197165 115090 31118 30930 13803 
-5.448086e-02 197165 115090 31118 30930 13803 
-5.104548e-02 197165 115090 31118 30930 13803 
-4.761009e-02 197165 115090 31118 30930 13803 
-4.417471e-02 197165 115090 31118 30930 13803 
-4.073933e-02 197165 115090 31118 30930 13803 
-3.730395e-02 197165 115090 31118 30930 13803 
-3.386857e-02 197165 115090 31118 30930 13803 
-3.043319e-02 197165 115090 31118 30930 13803 
-2.699781e-02 197165 115090 31118 30930 13803 
-2.356243e-02 197165 115090 31118 30930 13803 
-2.012704e-02 197165 115090 31118 30930 13803 
-1.669166e-02 197165 115090 31118 30930 13803 
-1.325628e-02 197165 115090 31118 30930 13803 
-9.820900e-03 197165 115090 31118 30930 13803 
-6.385519e-03 197165 115090 31118 30930 13803 
-2.950137e-03 197165 115090 31118 30930 13803 
4.852439e-04 197165 115090 31118 30930 13803 
3.920625e-03 197164 115089 31118 30930 13803 
7.356007e-03 197164 115089 31118 30930 13803 
1.079139e-02 197164 115089 31118 30930 13803 
1.422677e-02 197164 115089 31118 30930 13803 
1.766215e-02 197164 115089 31118 30930 13803 
2.109753e-02 197164 115089 31118 30930 13803 
2.453291e-02 197164 115089 31118 30930 13803 
2.796829e-02 197164 115089 31118 30930 13803 
3.140368e-02 197164 115089 31118 30930 13803 
3.483906e-02 197164 115089 31118 30930 13803 
3.827444e-02 197164 115089 31118 30930 13803 
4.170982e-02 197164 115089 31118 30930 13803 
4.514520e-02 197164 115089 31118 30930 13803 
4.858058e-02 197164 115089 31118 30930 13803 
5.201596e-02 197164 115089 31118 30930 13803 
5.545134e-02 197164 115089 31118 30930 13803 
5.888673e-02 197164 115089 31118 30930 13803 
6.232211e-02 197164 115089 31118 30930 13803 
6.575749e-02 197164 115089 31118 30930 13803 
6.919287e-02 197164 115089 31118 30930 13803 
7.262825e-02 197164 115089 31118 30930 13803 
7.606363e-02 197164 115089 31118 30930 13803 
7.949901e-02 197164 115089 31118 30930 13803 
8.293439e-02 197164 115089 31118 30930 13803 
8.636978e-02 197164 115089 31118 30930 13803 
8.980516e-02 197164 115089 31118 30930 13803 
9.324054e-02 197164 115089 31118 30930 13803 
9.667592e-02 197164 115089 31118 30930 13803 
1.001113e-01 197164 115089 31118 30930 13803 
1.035467e-01 197164 115089 31118 30930 13803 
1.069821e-01 197164 115089 31118 30930 13803 
1.104174e-01 197164 115089 31118 30930 13803 
1.138528e-01 197164 115089 31118 30930 13803 
1.172882e-01 197164 115089 31118 30930 13803 
1.207236e-01 197164 115089 31118 30930 13803 
1.241590e-01 197164 115089 31118 30930 13803 
1.275944e-01 197164 115089 31118 30930 13803 
1.310297e-01 197164 115089 31118 30930 13803 
1.344651e-01 197164 115089 31118 30930 13803 
1.379005e-01 197164 115089 31118 30930 13803 
1.413359e-01 197164 115089 31118 30930 13803 
1.447713e-01 197164 115089 31118 30930 13803 
1.482066e-01 197164 115089 31118 30930 13803 
1.516420e-01 197164 115089 31118 30930 13803 
1.550774e-01 197164 115089 31118 30930 13803 
1.585128e-01 197164 115089 31118 30930 13803 
1.619482e-01 197164 115089 31118 30930 13803 
1.653835e-01 197164 115089 31118 30930 13803 
1.688189e-01 197164 115089 31118 30930 13803 
1.722543e-01 197164 115089 31118 30930 13803 
1.756897e-01 197164 115089 31118 30930 13803 
1.791251e-01 197164 115089 31118 30930 13803 
1.825605e-01 197164 115089 31118 30930 13803 
1.859958e-01 197164 115089 31118 30930 13803 
1.894312e-01 197164 115089 31118 30930 13803 
1.928666e-01 197164 115089 31118 30930 13803 
1.963020e-01 197164 115089 31118 30930 13803 
1.997374e-01 197164 115089 31118 30930 13803 
2.031727e-01 197164 115089 31118 30930 13803 
2.066081e-01 197164 115089 31118 30930 13803 
2.100435e-01 197164 115089 31118 30930 13803 
2.134789e-01 197164 115089 31118 30930 13803 
2.169143e-01 197164 115089 31118 30930 13803 
2.203496e-01 197164 115089 31118 30930 13803 
2.237850e-01 197164 115089 31118 30930 13803 
2.272204e-01 197164 115089 31118 30930 13803 
2.306558e-01 197164 115089 31118 30930 13803 
2.340912e-01 197164 115089 31118 30930 13803 
2.375266e-01 197164 115089 31118 30930 13803 
2.409619e-01 197164 115089 31118 30930 13803 
2.443973e-01 197164 115089 31118 30930 13803 
2.478327e-01 197164 115089 31118 30930 13803 
2.512681e-01 197164 115089 31118 30930 13803 
2.547035e-01 197164 115089 31118 30930 13803 
2.581388e-01 197164 115089 31118 30930 13803 
2.615742e-01 197164 115089 31118 30930 13803 
2.650096e-01 197164 115089 31118 30930 13803 
2.684450e-01 197164 115089 31118 30930 13803 
2.718804e-01 197164 115089 31118 30930 13803 
2.753157e-01 197164 115089 31118 30930 13803 
2.787511e-01 197164 115089 31118 30930 13803 
2.821865e-01 197164 115089 31118 30930 13803 
2.856219e-01 197164 115089 31118 30930 13803 
2.890573e-01 197164 115089 31118 30930 13803 
2.924927e-01 197164 115089 31118 30930 13803 
2.959280e-01 197164 115089 31118 30930 13803 
2.993634e-01 197164 115089 31118 30930 13803 
3.027988e-01 197164 115089 31118 30930 13803 
3.062342e-01 197164 115089 31118 30930 13803 
3.096696e-01 197164 115089 31118 30930 13803 
3.131049e-01 197164 115089 31118 30930 13803 
3.165403e-01 197164 115089 31118 30930 13803 
3.199757e-01 197164 115089 31118 30930 13803 
3.234111e-01 197164 115089 31118 30930 13803 
3.268465e-01 197164 115089 31118 30930 13803 
3.302818e-01 197164 115089 31118 30930 13803 
3.337172e-01 197164 115089 31118 30930 13803 
3.371526e-01 197164 115089 31118 30930 13803 
3.405880e-01 197164 115089 31118 30930 13803 
3.440234e-01 197164 115089 31118 30930 13803 
3.474588e-01 197164 115089 31118 30930 13803 
3.508941e-01 197164 115089 31118 30930 13803 
3.543295e-01 197164 115089 31118 30930 13803 
3.577649e-01 197164 115089 31118 30930 13803 
3.612003e-01 197164 115089 31118 30930 13803 
3.646357e-01 197164 115089 31118 30930 13803 
3.680710e-01 197164 115089 31118 30930 13803 
3.715064e-01 197164 115089 31118 30930 13803 
3.749418e-01 197164 115089 31118 30930 13803 
3.783772e-01 197164 115089 31118 30930 13803 
3.818126e-01 197164 115089 31118 30930 13803 
3.852479e-01 197164 115089 31118 30930 13803 
3.886833e-01 197164 115089 31118 30930 13803 
3.921187e-01 197164 115089 31118 30930 13803 
3.955541e-01 197164 115089 31118 30930 13803 
3.989895e-01 197164 115089 31118 30930 13803 
4.024249e-01 197164 115089 31118 30930 13803 
4.058602e-01 197164 115089 31118 30930 13803 
4.092956e-01 197164 115089 31118 30930 13803 
4.127310e-01 197164 115089 31118 30930 13803 
4.161664e-01 197164 115089 31118 30930 13803 
4.196018e-01 197164 115089 31118 30930 13803 
4.230371e-01 197164 115089 31118 30930 13803 
4.264725e-01 197164 115089 31118 30930 13803 
4.299079e-01 197164 115089 31118 30930 13803 
4.333433e-01 197164 115089 31118 30930 13803 
4.367787e-01 197164 115089 31118 30930 13803 
4.402140e-01 197164 115089 31118 30930 13803 
4.436494e-01 197164 115089 31118 30930 13803 
4.470848e-01 197164 115089 31118 30930 13803 
4.505202e-01 197164 115089 31118 30930 13803 
4.539556e-01 197164 115089 31118 30930 13803 
4.573910e-01 197164 115089 31118 30930 13803 
4.608263e-01 197164 115089 31118 30930 13803 
4.642617e-01 197164 115089 31118 30930 13803 
4.676971e-01 197164 115089 31118 30930 13803 
4.711325e-01 197164 115089 31118 30930 13803 
4.745679e-01 197164 115089 31118 30930 13803 
4.780032e-01 197164 115089 31118 30930 13803 
4.814386e-01 197164 115089 31118 30930 13803 
4.848740e-01 197164 115089 31118 30930 13803 
4.883094e-01 197164 115089 31118 30930 13803 
4.917448e-01 197164 115089 31118 30930 13803 
4.951801e-01 197164 115089 31118 30930 13803 
4.986155e-01 197164 115089 31118 30930 13803 
5.020509e-01 197163 115089 31118 30930 13803 
5.054863e-01 197163 115089 31118 30930 13803 
5.089217e-01 196753 115079 31113 30842 13759 
5.123571e-01 196720 115078 31112 30835 13746 
5.157924e-01 196688 115078 31112 30825 13733 
5.192278e-01 196667 115077 31112 30817 13726 
5.226632e-01 196636 115077 31112 30809 13715 
5.260986e-01 196611 115077 31112 30795 13707 
5.295340e-01 196595 115077 31112 30789 13704 
5.329693e-01 196575 115076 31111 30782 13696 
5.364047e-01 196562 115076 31111 30777 13691 
5.398401e-01 196545 115076 31111 30775 13685 
5.432755e-01 196518 115076 31111 30761 13675 
5.467109e-01 196497 115076 31110 30753 13666 
5.501463e-01 196465 115076 31107 30741 13655 
5.535816e-01 196435 115076 31105 30735 13640 
5.570170e-01 195557 115010 31090 30484 13375 
5.604524e-01 195481 115010 31090 30450 13353 
5.638878e-01 195406 115002 31090 30421 13325 
5.673232e-01 195344 115002 31086 30401 13298 
5.707585e-01 195284 115000 31085 30380 13272 
5.741939e-01 195216 114998 31083 30357 13242 
5.776293e-01 195160 114993 31080 30338 13223 
5.810647e-01 195096 114990 31077 30316 13194 
5.845001e-01 195032 114989 31074 30286 13173 
5.879354e-01 194976 114989 31073 30265 13147 
5.913708e-01 193737 114752 31016 29963 12846 
5.948062e-01 193601 114736 31013 29918 12795 
5.982416e-01 193467 114730 31008 29877 12737 
6.016770e-01 193332 114722 31003 29825 12685 
6.051124e-01 193217 114713 31001 29778 12640 
6.085477e-01 193090 114711 30997 29725 12588 
6.119831e-01 192984 114700 30995 29691 12542 
6.154185e-01 192891 114695 30995 29659 12501 
6.188539e-01 192784 114680 30995 29612 12468 
6.222893e-01 190564 113895 30863 29194 12195 
6.257246e-01 190360 113866 30859 29125 12130 
6.291600e-01 190195 113851 30851 29078 12064 
6.325954e-01 190056 113843 30847 29022 12007 
6.360308e-01 189918 113825 30838 28975 11960 
6.394662e-01 189788 113813 30832 28929 11912 
6.429015e-01 189652 113793 30824 28882 11874 
6.463369e-01 182672 110101 29341 27937 11591 
6.497723e-01 182303 109994 29286 27832 11514 
6.532077e-01 181974 109902 29241 27740 11443 
6.566431e-01 181673 109833 29200 27639 11376 
6.600785e-01 181425 109771 29179 27557 11316 
6.635138e-01 173440 104492 28175 26641 10991 
6.669492e-01 172650 104092 28104 26461 10906 
6.703846e-01 172111 103875 28006 26334 10834 
6.738200e-01 171700 103698 27973 26239 10760 
6.772554e-01 171316 103567 27916 26144 10694 
6.806907e-01 170952 103442 27879 26034 10621 
6.841261e-01 126365 76537 14722 22031 10333 
6.875615e-01 124670 75585 14304 21827 10249 
6.909969e-01 123364 74947 13933 21626 10178 
6.944323e-01 122286 74374 13677 21467 10104 
6.978676e-01 100832 56412 11241 20646 9986 
7.013030e-01 98657 54917 10865 20445 9915 
7.047384e-01 97018 53933 10506 20250 9836 
7.081738e-01 95576 53120 10200 20040 9745 
7.116092e-01 74479 32679 9834 19859 9661 
7.150446e-01 72565 31327 9545 19681 9583 
7.184799e-01 70907 30149 9319 19519 9506 
7.219153e-01 69285 29049 9090 19316 9429 
7.253507e-01 67800 28062 8873 19124 9360 
7.287861e-01 66526 27260 8667 18945 9289 
7.322215e-01 65215 26462 8426 18758 9230 
7.356568e-01 64063 25796 8221 18566 9170 
7.390922e-01 62969 25166 8054 18373 9092 
7.425276e-01 61940 24587 7840 18219 9028 
7.459630e-01 60913 23999 7687 18014 8964 
7.493984e-01 59989 23450 7567 17854 8884 
7.528337e-01 59059 22890 7454 17693 8815 
7.562691e-01 58240 22388 7340 17561 8756 
7.597045e-01 57364 21867 7211 17411 8693 
7.631399e-01 56518 21413 7073 17247 8621 
7.665753e-01 55688 20964 6946 17103 8533 
7.700107e-01 54901 20568 6806 16940 8463 
7.734460e-01 54081 20119 6694 16792 8374 
7.768814e-01 53289 19706 6557 16632 8302 
7.803168e-01 52486 19292 6425 16467 8239 
7.837522e-01 51846 18994 6319 16330 8166 
7.871876e-01 51153 18679 6216 16147 8092 
7.906229e-01 50456 18343 6083 16000 8030 
7.940583e-01 49757 18030 5978 15811 7953 
7.974937e-01 49095 17720 5871 15645 7891 
8.009291e-01 48427 17382 5764 15505 7823 
8.043645e-01 47718 17099 5613 15319 7743 
8.077998e-01 47059 16806 5500 15154 7677 
8.112352e-01 46454 16515 5416 15008 7607 
8.146706e-01 45817 16220 5307 14857 7536 
8.181060e-01 45301 15983 5244 14729 7463 
8.215414e-01 44743 15721 5170 14604 7378 
8.249768e-01 44192 15472 5096 14452 7310 
8.284121e-01 43628 15219 5005 14323 7236 
8.318475e-01 43072 14994 4909 14189 7148 
8.352829e-01 42547 14788 4808 14048 7079 
8.387183e-01 41992 14530 4740 13905 7010 
8.421537e-01 41514 14333 4688 13757 6948 
8.455890e-01 41033 14112 4615 13629 6899 
8.490244e-01 40602 13954 4565 13481 6835 
8.524598e-01 40102 13745 4467 13359 6771 
8.558952e-01 39583 13550 4394 13199 6698 
8.593306e-01 39147 13361 4343 13081 6632 
8.627659e-01 38694 13147 4294 12963 6572 
8.662013e-01 38256 12968 4239 12833 6512 
8.696367e-01 37813 12816 4152 12711 6451 
8.730721e-01 37372 12598 4110 12584 6410 
8.765075e-01 36907 12396 4048 12467 6342 
8.799429e-01 36472 12222 3990 12334 6283 
8.833782e-01 36053 12037 3951 12214 6221 
8.868136e-01 35674 11902 3907 12096 6160 
8.902490e-01 35293 11734 3872 11986 6102 
8.936844e-01 34927 11602 3823 11870 6044 
8.971198e-01 34511 11417 3792 11748 5977 
9.005551e-01 34074 11254 3736 11605 5914 
9.039905e-01 33697 11080 3702 11501 5863 
9.074259e-01 33344 10940 3670 11391 5802 
9.108613e-01 32964 10821 3622 11257 5734 
9.142967e-01 32605 10686 3585 11143 5676 
9.177320e-01 32247 10568 3554 11020 5607 
9.211674e-01 31892 10466 3514 10883 5547 
9.246028e-01 31541 10346 3479 10760 5484 
9.280382e-01 31169 10232 3427 10624 5425 
9.314736e-01 30819 10103 3389 10518 5361 
9.349090e-01 30446 9965 3355 10398 5289 
9.383443e-01 30104 9836 3331 10280 5229 
9.417797e-01 29782 9740 3285 10173 5164 
9.452151e-01 29429 9616 3254 10056 5098 
9.486505e-01 29069 9501 3211 9932 5041 
9.520859e-01 28753 9394 3177 9824 4979 
9.555212e-01 28412 9286 3148 9713 4904 
9.589566e-01 28066 9200 3095 9581 4845 
9.623920e-01 27720 9076 3035 9482 4790 
9.658274e-01 27429 8986 3000 9374 4747 
9.692628e-01 27094 8880 2980 9253 4673 
9.726981e-01 26747 8765 2915 9150 4619 
9.761335e-01 26456 8666 2889 9050 4565 
9.795689e-01 26173 8585 2865 8947 4501 
9.830043e-01 25887 8500 2830 8837 4456 
9.864397e-01 25608 8401 2809 8743 4398 
9.898751e-01 25356 8335 2791 8631 4352 
9.933104e-01 25097 8248 2773 8547 4299 
9.967458e-01 24813 8157 2746 8457 4248 
1.000181e+00 24479 8041 2706 8342 4193 
1.003617e+00 24216 7966 2683 8241 4138 
1.007052e+00 23943 7866 2658 8143 4092 
1.010487e+00 23698 7804 2638 8041 4040 
1.013923e+00 23442 7735 2601 7949 3995 
1.017358e+00 23201 7680 2575 7852 3943 
1.020793e+00 22962 7601 2558 7761 3900 
1.024229e+00 22710 7514 2536 7680 3850 
1.027664e+00 22437 7434 2500 7588 3793 
1.031100e+00 22154 7341 2481 7492 3724 
1.034535e+00 21862 7251 2446 7390 3681 
1.037970e+00 21579 7176 2417 7287 3612 
1.041406e+00 21339 7101 2403 7194 3562 
1.044841e+00 21112 7033 2378 7119 3517 
1.048277e+00 20878 6975 2338 7036 3474 
1.051712e+00 20648 6892 2315 6973 3427 
1.055147e+00 20438 6846 2304 6884 3372 
1.058583e+00 20200 6781 2284 6790 3321 
1.062018e+00 19987 6729 2271 6700 3268 
1.065453e+00 19739 6686 2220 6617 3206 
1.068889e+00 19501 6632 2204 6534 3136 
1.072324e+00 19271 6564 2181 6452 3092 
1.075760e+00 19099 6517 2159 6389 3062 
1.079195e+00 18869 6451 2140 6306 3006 
1.082630e+00 18653 6390 2122 6224 2963 
1.086066e+00 18453 6339 2101 6150 2916 
1.089501e+00 18202 6241 2082 6072 2866 
1.092936e+00 17989 6165 2058 5999 2836 
1.096372e+00 17780 6107 2046 5906 2796 
1.099807e+00 17590 6053 2033 5841 2744 
1.103243e+00 17390 6012 1988 5774 2708 
1.106678e+00 17186 5946 1975 5700 2666 
1.110113e+00 17001 5896 1962 5632 2619 
1.113549e+00 16780 5845 1931 5549 2570 
1.116984e+00 16575 5788 1916 5467 2524 
1.120420e+00 16372 5719 1900 5396 2482 
1.123855e+00 16169 5657 1887 5325 2434 
1.127290e+00 15965 5586 1859 5257 2404 
1.130726e+00 15757 5507 1834 5196 2372 
1.134161e+00 15581 5467 1816 5118 2336 
1.137596e+00 15372 5430 1777 5047 2284 
1.141032e+00 15185 5373 1762 4981 2243 
1.144467e+00 15014 5335 1735 4921 2204 
1.147903e+00 14829 5299 1696 4861 2160 
1.151338e+00 14674 5260 1669 4810 2127 
1.154773e+00 14483 5194 1658 4733 2097 
1.158209e+00 14308 5154 1650 4646 2065 
1.161644e+00 14140 5106 1641 4579 2030 
1.165080e+00 13946 5065 1617 4494 1993 
1.168515e+00 13776 5018 1600 4429 1960 
1.171950e+00 13626 4972 1592 4373 1928 
1.175386e+00 13425 4925 1570 4283 1892 
1.178821e+00 13262 4870 1564 4224 1854 
1.182256e+00 13102 4826 1551 4168 1817 
1.185692e+00 12966 4793 1528 4124 1784 
1.189127e+00 12810 4748 1497 4075 1758 
1.192563e+00 12663 4713 1482 4009 1734 
1.195998e+00 12508 4672 1469 3947 1702 
1.199433e+00 12369 4622 1448 3905 1680 
1.202869e+00 12236 4597 1435 3843 1656 
1.206304e+00 12066 4542 1411 3783 1629 
1.209739e+00 11949 4520 1393 3737 1604 
1.213175e+00 11800 4474 1379 3686 1568 
1.216610e+00 11662 4436 1372 3640 1529 
1.220046e+00 11500 4386 1359 3576 1502 
1.223481e+00 11357 4353 1343 3515 1475 
1.226916e+00 11226 4317 1329 3470 1446 
1.230352e+00 11109 4288 1323 3433 1418 
1.233787e+00 10959 4243 1311 3373 1389 
1.237223e+00 10830 4208 1303 3313 1367 
1.240658e+00 10712 4180 1275 3275 1348 
1.244093e+00 10565 4134 1263 3221 1324 
1.247529e+00 10450 4106 1256 3176 1294 
1.250964e+00 10352 4086 1248 3135 1268 
1.254399e+00 10250 4057 1237 3102 1244 
1.257835e+00 10132 4019 1226 3053 1226 
1.261270e+00 10026 3989 1216 3014 1205 
1.264706e+00 9900 3953 1209 2965 1177 
1.268141e+00 9782 3918 1187 2933 1156 
1.271576e+00 9664 3872 1173 2902 1133 
1.275012e+00 9570 3847 1166 2853 1122 
1.278447e+00 9465 3819 1158 2810 1102 
1.281882e+00 9318 3773 1135 2758 1083 
1.285318e+00 9224 3745 1130 2717 1065 
1.288753e+00 9143 3725 1116 2687 1054 
1.292189e+00 9021 3697 1106 2633 1033 
1.295624e+00 8940 3674 1102 2598 1020 
1.299059e+00 8848 3648 1093 2572 998 
1.302495e+00 8741 3604 1079 2543 985 
1.305930e+00 8650 3576 1072 2505 974 
1.309366e+00 8558 3543 1062 2474 962 
1.312801e+00 8430 3496 1055 2417 948 
1.316236e+00 8355 3476 1053 2384 929 
1.319672e+00 8249 3449 1028 2351 915 
1.323107e+00 8153 3418 1026 2316 892 
1.326542e+00 8048 3376 1020 2271 881 
1.329978e+00 7952 3337 1017 2233 868 
1.333413e+00 7881 3301 1011 2213 860 
1.336849e+00 7772 3248 1000 2188 844 
1.340284e+00 7678 3222 991 2158 832 
1.343719e+00 7608 3198 983 2132 820 
1.347155e+00 7513 3158 975 2112 801 
1.350590e+00 7420 3131 966 2072 787 
1.354025e+00 7325 3100 958 2045 768 
1.357461e+00 7247 3079 942 2021 755 
1.360896e+00 7166 3054 936 1989 742 
1.364332e+00 7054 2998 921 1962 735 
1.367767e+00 6969 2967 917 1931 722 
1.371202e+00 6874 2926 915 1903 703 
1.374638e+00 6783 2895 899 1872 695 
1.378073e+00 6697 2861 888 1847 684 
1.381509e+00 6634 2845 882 1815 675 
1.384944e+00 6574 2826 877 1794 662 
1.388379e+00 6479 2783 866 1768 652 
1.391815e+00 6421 2760 863 1749 640 
1.395250e+00 6320 2718 849 1727 623 
1.398685e+00 6251 2699 845 1699 617 
1.402121e+00 6188 2677 841 1676 607 
1.405556e+00 6127 2657 834 1655 597 
1.408992e+00 6053 2622 827 1637 589 
1.412427e+00 5985 2596 818 1618 577 
1.415862e+00 5908 2566 812 1593 565 
1.419298e+00 5836 2535 807 1568 559 
1.422733e+00 5763 2510 804 1536 548 
1.426168e+00 5692 2485 795 1518 540 
1.429604e+00 5649 2471 791 1505 530 
1.433039e+00 5572 2441 781 1474 524 
1.436475e+00 5523 2425 771 1461 516 
1.439910e+00 5449 2390 767 1435 508 
1.443345e+00 5395 2372 759 1417 501 
1.446781e+00 5344 2346 754 1402 496 
1.450216e+00 5289 2327 754 1380 485 
1.453652e+00 5212 2301 745 1352 472 
1.457087e+00 5157 2281 740 1334 465 
1.460522e+00 5106 2262 735 1322 460 
1.463958e+00 5053 2237 733 1308 452 
1.467393e+00 4990 2210 729 1289 442 
1.470828e+00 4946 2198 721 1269 439 
1.474264e+00 4885 2170 712 1253 435 
1.477699e+00 4834 2154 706 1237 425 
1.481135e+00 4775 2132 698 1222 414 
1.484570e+00 4719 2114 693 1201 404 
1.488005e+00 4663 2088 690 1185 399 
1.491441e+00 4617 2062 683 1179 393 
1.494876e+00 4543 2024 670 1162 389 
1.498311e+00 4503 2006 665 1154 383 
1.501747e+00 4440 1986 657 1134 372 
1.505182e+00 4373 1968 649 1106 366 
1.508618e+00 4316 1942 643 1085 363 
1.512053e+00 4272 1925 636 1071 358 
1.515488e+00 4209 1897 625 1060 351 
1.518924e+00 4159 1885 620 1034 347 
1.522359e+00 4103 1861 611 1019 341 
1.525795e+00 4042 1836 608 998 330 
1.529230e+00 4000 1823 605 978 326 
1.532665e+00 3939 1808 581 964 324 
1.536101e+00 3894 1792 574 948 321 
1.539536e+00 3851 1773 569 937 313 
1.542971e+00 3808 1763 564 917 306 
1.546407e+00 3751 1736 555 906 300 
1.549842e+00 3702 1718 546 892 295 
1.553278e+00 3662 1707 536 879 291 
1.556713e+00 3614 1684 530 869 286 
1.560148e+00 3569 1670 521 851 282 
1.563584e+00 3525 1648 517 839 279 
1.567019e+00 3473 1621 513 828 277 
1.570454e+00 3434 1609 510 814 274 
1.573890e+00 3396 1596 506 800 270 
1.577325e+00 3367 1588 503 785 268 
1.580761e+00 3333 1579 498 771 266 
1.584196e+00 3295 1564 496 752 264 
1.587631e+00 3263 1552 492 739 261 
1.591067e+00 3225 1541 482 726 258 
1.594502e+00 3187 1522 475 719 255 
1.597938e+00 3153 1506 473 708 251 
1.601373e+00 3110 1490 468 694 247 
1.604808e+00 3074 1475 464 683 243 
1.608244e+00 3030 1454 456 672 239 
1.611679e+00 2978 1428 448 658 235 
1.615114e+00 2956 1418 443 654 232 
1.618550e+00 2928 1410 438 641 232 
1.621985e+00 2896 1399 433 631 229 
1.625421e+00 2861 1383 427 622 225 
1.628856e+00 2821 1363 419 613 223 
1.632291e+00 2790 1347 417 607 219 
1.635727e+00 2756 1330 413 600 214 
1.639162e+00 2719 1313 407 592 208 
1.642597e+00 2672 1293 402 579 205 
1.646033e+00 2635 1277 398 572 199 
1.649468e+00 2613 1266 396 567 197 
1.652904e+00 2586 1255 393 558 195 
1.656339e+00 2559 1246 391 548 190 
1.659774e+00 2529 1231 387 542 186 
1.663210e+00 2490 1206 382 537 183 
1.666645e+00 2464 1190 379 530 183 
1.670081e+00 2433 1177 376 521 180 
1.673516e+00 2414 1168 372 520 175 
1.676951e+00 2376 1149 369 508 171 
1.680387e+00 2345 1140 362 499 165 
1.683822e+00 2324 1128 362 495 163 
1.687257e+00 2292 1119 355 487 156 
1.690693e+00 2272 1112 351 479 155 
1.694128e+00 2252 1106 349 473 150 
1.697564e+00 2224 1091 344 468 148 
1.700999e+00 2196 1080 342 457 146 
1.704434e+00 2166 1071 336 448 142 
1.707870e+00 2137 1061 333 441 137 
1.711305e+00 2100 1042 330 429 135 
1.714741e+00 2088 1034 329 429 134 
1.718176e+00 2054 1019 327 421 128 
1.721611e+00 2027 1008 324 412 125 
1.725047e+00 1999 996 321 403 123 
1.728482e+00 1985 993 316 398 123 
1.731917e+00 1965 982 314 395 122 
1.735353e+00 1933 970 306 391 117 
1.738788e+00 1909 956 306 384 117 
1.742224e+00 1887 946 302 380 114 
1.745659e+00 1868 939 301 374 111 
1.749094e+00 1844 928 300 368 108 
1.752530e+00 1827 923 297 363 108 
1.755965e+00 1807 918 291 358 104 
1.759400e+00 1792 912 288 354 104 
1.762836e+00 1759 899 284 349 96 
1.766271e+00 1734 880 284 346 95 
1.769707e+00 1711 876 270 343 94 
1.773142e+00 1679 856 265 337 94 
1.776577e+00 1652 847 263 329 89 
1.780013e+00 1626 837 258 324 85 
1.783448e+00 1601 827 254 315 85 
1.786884e+00 1583 816 254 312 82 
1.790319e+00 1571 812 250 310 82 
1.793754e+00 1551 800 249 306 79 
1.797190e+00 1531 791 243 303 78 
1.800625e+00 1515 789 238 299 75 
1.804060e+00 1498 789 233 292 70 
1.807496e+00 1474 778 229 286 69 
1.810931e+00 1458 770 226 282 69 
1.814367e+00 1444 764 221 281 69 
1.817802e+00 1430 755 220 278 68 
1.821237e+00 1411 747 218 273 66 
1.824673e+00 1386 734 214 271 63 
1.828108e+00 1365 723 211 268 61 
1.831543e+00 1344 713 210 259 61 
1.834979e+00 1330 707 209 254 60 
1.838414e+00 1311 696 207 251 59 
1.841850e+00 1295 691 205 244 58 
1.845285e+00 1281 683 204 243 55 
1.848720e+00 1247 673 202 223 54 
1.852156e+00 1238 667 202 220 54 
1.855591e+00 1223 661 202 214 54 
1.859027e+00 1208 653 201 208 54 
1.862462e+00 1193 646 198 207 52 
1.865897e+00 1178 636 195 206 51 
1.869333e+00 1167 630 195 203 51 
1.872768e+00 1156 623 194 201 50 
1.876203e+00 1148 620 192 199 50 
1.879639e+00 1128 611 187 196 47 
1.883074e+00 1103 597 185 191 46 
1.886510e+00 1086 591 180 186 46 
1.889945e+00 1071 582 178 183 45 
1.893380e+00 1057 574 177 181 45 
1.896816e+00 1049 569 177 179 45 
1.900251e+00 1036 562 173 178 44 
1.903686e+00 1022 551 171 177 44 
1.907122e+00 1009 547 169 174 42 
1.910557e+00 991 543 164 166 41 
1.913993e+00 981 537 163 164 40 
1.917428e+00 968 526 163 163 40 
1.920863e+00 953 522 160 158 39 
1.924299e+00 942 515 159 156 38 
1.927734e+00 934 512 159 151 38 
1.931170e+00 925 505 159 150 38 
1.934605e+00 920 504 158 148 38 
1.938040e+00 900 496 154 142 38 
1.941476e+00 893 491 154 140 38 
1.944911e+00 879 490 148 134 37 
1.948346e+00 861 478 146 132 36 
1.951782e+00 848 471 142 132 35 
1.955217e+00 845 470 142 132 35 
1.958653e+00 837 469 138 130 34 
1.962088e+00 809 452 137 123 31 
1.965523e+00 804 449 137 122 30 
1.968959e+00 785 443 130 117 30 
1.972394e+00 769 431 129 116 29 
1.975829e+00 759 429 126 111 29 
1.979265e+00 752 426 123 110 29 
1.982700e+00 726 419 106 108 29 
1.986136e+00 710 410 102 106 28 
1.989571e+00 686 392 100 102 28 
1.993006e+00 673 386 99 98 27 
1.996442e+00 659 376 98 96 27 
1.999877e+00 645 367 97 95 26 
2.003313e+00 634 363 96 93 25 
2.006748e+00 625 359 95 90 24 
2.010183e+00 612 351 93 87 24 
2.013619e+00 600 350 90 84 23 
2.017054e+00 589 346 86 82 22 
2.020489e+00 587 346 86 82 21 
2.023925e+00 574 341 85 80 19 
2.027360e+00 562 335 81 79 19 
2.030796e+00 547 323 81 78 17 
2.034231e+00 539 319 79 78 16 
2.037666e+00 535 319 77 77 15 
2.041102e+00 526 314 76 74 15 
2.044537e+00 514 309 75 70 14 
2.047972e+00 500 302 70 69 14 
2.051408e+00 493 302 68 66 14 
2.054843e+00 475 294 66 58 14 
2.058279e+00 470 294 63 58 13 
2.061714e+00 462 290 61 56 13 
2.065149e+00 445 287 60 55 13 
2.068585e+00 442 285 59 55 13 
2.072020e+00 436 281 58 55 12 
2.075456e+00 423 275 57 51 11 
2.078891e+00 416 272 55 50 11 
2.082326e+00 411 271 55 48 11 
2.085762e+00 406 267 55 47 11 
2.089197e+00 392 259 53 43 11 
2.092632e+00 385 255 53 42 9 
2.096068e+00 379 252 53 42 8 
2.099503e+00 371 248 51 40 8 
2.102939e+00 361 244 47 38 8 
2.106374e+00 350 236 46 38 6 
2.109809e+00 344 234 43 37 6 
2.113245e+00 336 230 42 34 6 
2.116680e+00 324 226 36 32 6 
2.120115e+00 314 222 35 28 6 
2.123551e+00 311 220 34 28 6 
2.126986e+00 309 219 33 28 6 
2.130422e+00 298 210 33 26 6 
2.133857e+00 287 206 30 23 5 
2.137292e+00 280 202 30 22 5 
2.140728e+00 277 200 29 22 5 
2.144163e+00 274 197 29 22 5 
2.147599e+00 272 195 29 22 5 
2.151034e+00 267 195 28 21 4 
2.154469e+00 259 191 26 19 4 
2.157905e+00 255 189 26 17 4 
2.161340e+00 252 187 26 17 4 
2.164775e+00 246 182 26 17 4 
2.168211e+00 235 177 25 16 3 
2.171646e+00 222 166 25 16 3 
2.175082e+00 212 161 24 13 3 
2.178517e+00 201 153 22 13 2 
2.181952e+00 198 151 22 13 2 
2.185388e+00 194 148 22 12 2 
2.188823e+00 191 147 21 11 2 
2.192259e+00 175 133 19 11 2 
2.195694e+00 156 115 18 11 2 
2.199129e+00 151 113 16 11 1 
2.202565e+00 145 107 16 11 1 
2.206000e+00 135 103 13 9 1 
2.209435e+00 133 102 12 9 1 
2.212871e+00 127 96 12 9 1 
2.216306e+00 124 95 11 9 1 
2.219742e+00 114 86 10 9 1 
2.223177e+00 111 84 10 9 1 
2.226612e+00 109 82 10 9 1 
2.230048e+00 107 81 9 9 1 
2.233483e+00 104 80 9 7 1 
2.236918e+00 101 77 9 7 1 
2.240354e+00 93 71 9 7 1 
2.243789e+00 90 69 8 7 1 
2.247225e+00 87 67 8 7 0 
2.250660e+00 85 66 7 7 0 
2.254095e+00 85 66 7 7 0 
2.257531e+00 82 63 7 7 0 
2.260966e+00 79 61 7 7 0 
2.264402e+00 76 59 7 6 0 
2.267837e+00 73 58 6 6 0 
2.271272e+00 72 58 6 5 0 
2.274708e+00 69 55 6 5 0 
2.278143e+00 69 55 6 5 0 
2.281578e+00 68 54 6 5 0 
2.285014e+00 64 50 6 5 0 
2.288449e+00 56 45 4 5 0 
2.291885e+00 54 44 4 5 0 
2.295320e+00 53 43 4 5 0 
2.298755e+00 51 42 3 5 0 
2.302191e+00 49 41 3 4 0 
2.305626e+00 49 41 3 4 0 
2.309061e+00 49 41 3 4 0 
2.312497e+00 49 41 3 4 0 
2.315932e+00 47 39 3 4 0 
2.319368e+00 47 39 3 4 0 
2.322803e+00 47 39 3 4 0 
2.326238e+00 45 37 3 4 0 
2.329674e+00 43 35 3 4 0 
2.333109e+00 41 33 3 4 0 
2.336545e+00 41 33 3 4 0 
2.339980e+00 39 31 3 4 0 
2.343415e+00 37 30 3 3 0 
2.346851e+00 37 30 3 3 0 
2.350286e+00 37 30 3 3 0 
2.353721e+00 35 29 2 3 0 
2.357157e+00 34 28 2 3 0 
2.360592e+00 33 27 2 3 0 
2.364028e+00 29 25 2 1 0 
2.367463e+00 29 25 2 1 0 
2.370898e+00 27 23 2 1 0 
2.374334e+00 27 23 2 1 0 
2.377769e+00 23 19 2 1 0 
2.381204e+00 23 19 2 1 0 
2.384640e+00 22 18 2 1 0 
2.388075e+00 22 18 2 1 0 
2.391511e+00 22 18 2 1 0 
2.394946e+00 22 18 2 1 0 
2.398381e+00 20 17 2 1 0 
2.401817e+00 20 17 2 1 0 
2.405252e+00 20 17 2 1 0 
2.408688e+00 20 17 2 1 0 
2.412123e+00 20 17 2 1 0 
2.415558e+00 20 17 2 1 0 
2.418994e+00 20 17 2 1 0 
2.422429e+00 20 17 2 1 0 
2.425864e+00 19 16 2 1 0 
2.429300e+00 19 16 2 1 0 
2.432735e+00 18 15 2 1 0 
2.436171e+00 16 14 1 1 0 
2.439606e+00 16 14 1 1 0 
2.443041e+00 16 14 1 1 0 
2.446477e+00 16 14 1 1 0 
2.449912e+00 16 14 1 1 0 
2.453347e+00 16 14 1 1 0 
2.456783e+00 10 8 1 1 0 
2.460218e+00 10 8 1 1 0 
2.463654e+00 9 7 1 1 0 
2.467089e+00 9 7 1 1 0 
2.470524e+00 9 7 1 1 0 
2.473960e+00 9 7 1 1 0 
2.477395e+00 8 6 1 1 0 
2.480831e+00 7 6 1 0 0 
2.484266e+00 6 5 1 0 0 
2.487701e+00 6 5 1 0 0 
2.491137e+00 6 5 1 0 0 
2.494572e+00 6 5 1 0 0 
2.498007e+00 6 5 1 0 0 
2.501443e+00 4 3 1 0 0 
2.504878e+00 4 3 1 0 0 
2.508314e+00 4 3 1 0 0 
2.511749e+00 4 3 1 0 0 
2.515184e+00 4 3 1 0 0 
2.518620e+00 4 3 1 0 0 
2.522055e+00 4 3 1 0 0 
2.525490e+00 4 3 1 0 0 
2.528926e+00 4 3 1 0 0 
2.532361e+00 4 3 1 0 0 
2.535797e+00 4 3 1 0 0 
2.539232e+00 4 3 1 0 0 
2.542667e+00 4 3 1 0 0 
2.546103e+00 4 3 1 0 0 
2.549538e+00 3 2 1 0 0 
2.552974e+00 2 2 0 0 0 
2.556409e+00 2 2 0 0 0 
2.559844e+00 2 2 0 0 0 
2.563280e+00 2 2 0 0 0 
2.566715e+00 1 1 0 0 0 
2.570150e+00 1 1 0 0 0 
2.573586e+00 1 1 0 0 0 
2.577021e+00 1 1 0 0 0 
2.580457e+00 1 1 0 0 0 
